Difference
0
0
0.02779
0.03363
0.05018
0.07347
0.0723
0.08053
0.10353
0.09055
0.08058
0.09647
0.09689
0.09284
0.11739
0.09705
0.09147
0.09712
0.1015
0.07473
0.07896
0.07286
0.07827
0.11719
0.10953
0.1025
0.10805
0.10865
0.10872
0.11193
0.10461
0.10753
0.10935
0.10675
0.10444
0.10534
0.10276
0.10353
0.10677
0.10396
0.10273
0.10753
0.10786
0.10614
0.09438
0.09593
0.09724
0.10075
0.10013
0.10176
0.10656
0.1079
0.10992
0.11397
0.1207
0.12009
0.12162
0.12278
0.12387
0.12549
0.1258
0.12669
0.12933
0.12959
0.13123
0.13315
0.13296
0.13368
0.13619
0.12932
0.13085
0.13259
0.13422
0.13527
0.13685
0.13915
0.13971
0.14183
0.14382
0.14518
0.14696
0.14722
0.14772
0.14778
0.14758
0.15026
0.15351
0.15357
0.15486
0.15636
0.15612
0.15683
0.15903
0.15925
0.13626
0.13883
0.13858
0.1397
0.14304
0.14162
0.14271
0.14746
0.1488
0.149
0.15168
0.15752
0.16591
0.16954
0.17373
0.17863
0.18216
0.18071
0.1813
0.18326
0.18448
0.18629
0.18945
0.1927
0.19442
0.18154
0.18277
0.18289
0.18418
0.18907
0.18775
0.18881
0.18804
0.18955
0.19145
0.19279
0.19072
0.19276
0.1931
0.19291
0.19366
0.19209
0.19167
0.1933
0.1933
0.1923
0.19383
0.19379
0.19393
0.19473
0.18754
0.187
0.18785
0.18647
0.1857
0.18753
0.18584
0.186
0.18645
0.1864
0.1864
0.18787
0.18962
0.19109
0.19352
0.19388
0.19621
0.19931
0.19986
0.20319
0.20493
0.20591
0.20679
0.20868
0.20974
0.20411
0.20581
0.20624
0.20672
0.20866
0.20958
0.20954
0.21003
0.20874
0.20827
0.20934
0.20886
0.20863
0.20956
0.20971
0.21027
0.21122
0.21205
0.21183
0.2127
0.2144
0.21543
0.21682
0.21784
0.21882
0.20972
0.21061
0.21148
0.21333
0.21474
0.21619
0.21754
0.21864
0.22007
0.22159
0.22376
0.2253
0.22744
0.22915
0.231
0.23253
0.23393
0.23462
0.23657
0.23719
0.23845
0.23994
0.24081
0.24255
0.24469
0.23953
0.24147
0.24188
0.2437
0.2439
0.24478
0.24513
0.24604
0.24679
0.24702
0.24784
0.2483
0.24888
0.24928
0.24933
0.2491
0.25035
0.25102
0.25185
0.25355
0.25534
0.25578
0.25746
0.25743
0.25949
0.25642
0.25706
0.25784
0.25922
0.25966
0.26023
0.26101
0.26104
0.26131
0.26143
0.26157
0.26293
0.26318
0.26352
0.26403
0.26388
0.26423
0.26448
0.26446
0.26458
0.26469
0.2646
0.26476
0.26537
0.2655
0.2629
0.26368
0.26382
0.26462
0.26468
0.26519
0.26561
0.26509
0.26606
0.26645
0.26771
0.26803
0.26771
0.26833
0.26795
0.26829
0.26771
0.26687
0.26744
0.26731
0.26763
0.2681
0.26858
0.26888
0.26932
0.26264
0.26277
0.26288
0.26297
0.26283
0.26425
0.26463
0.26506
0.26445
0.26505
0.26449
0.26465
0.2641
0.26367
0.26354
0.26227
0.26206
0.26085
0.2598
0.26083
0.26048
0.2599
0.26026
0.26091
0.26106
0.25857
0.25916
0.2595
0.2597
0.25994
0.2601
0.26007
0.25963
0.26058
0.26065
0.26127
0.26125
0.2615
0.26169
0.26246
0.26284
0.26314
0.26336
0.26362
0.26388
0.26419
0.26479
0.26535
0.266
0.26612
0.26265
0.26266
0.26197
0.2626
0.26276
0.26284
0.26364
0.26414
0.26492
0.26423
0.26525
0.26582
0.26655
0.26681
0.26762
0.26788
0.269
0.26859
0.26855
0.26887
0.26886
0.26894
0.26939
0.26966
0.27064
0.26829
0.26794
0.26785
0.26724
0.26662
0.26708
0.26736
0.26669
0.26711
0.2678
0.26832
0.2693
0.26975
0.26975
0.26959
0.26911
0.26849
0.26884
0.26761
0.26707
0.2664
0.26542
0.26371
0.26372
0.26206
0.26012
0.25964
0.25904
0.25712
0.25716
0.25695
0.25679
0.25587
0.25821
0.25762
0.25717
0.25529
0.25547
0.25414
0.25456
0.25198
0.25234
0.25164
0.25114
0.2493
0.2499
0.24854
0.24791
0.24703
0.24558
0.23997
0.23758
0.2404
0.24246
0.24266
0.2436
0.24569
0.2458
0.24668
0.24752
0.24786
0.24978
0.25185
0.25207
0.25016
0.24993
0.24888
0.24898
0.24972
0.25024
0.24943
0.24826
0.24776
0.24937
0.24894
0.24353
0.24334
0.24318
0.2454
0.24395
0.2458
0.24592
0.24676
0.24909
0.24965
0.25087
0.25242
0.25323
0.25182
0.25337
0.25425
0.25691
0.25843
0.25915
0.26166
0.26265
0.26593
0.26971
0.27474
0.27857
0.28969
0.29438
0.29805
0.30375
0.3095
0.31428
0.31962
0.3235
0.32645
0.33256
0.33716
0.34071
0.34461
0.34871
0.35167
0.35561
0.35965
0.36356
0.36707
0.37109
0.37384
0.3788
0.38243
0.3863
0.39183
0.39052
0.39553
0.39929
0.40345
0.40765
0.41316
0.41715
0.41977
0.42331
0.42713
0.4283
0.43054
0.43397
0.43538
0.43801
0.44046
0.44048
0.44303
0.44576
0.44451
0.44569
0.44795
0.44375
0.4504
0.45266
0.43964
0.43995
0.4386
0.4358
0.43411
0.43657
0.43524
0.43492
0.43426
0.43461
0.43432
0.43379
0.43335
0.43411
0.4353
0.43583
0.43884
0.44056
0.44272
0.44351
0.44474
0.44727
0.44943
0.45155
0.45281
0.43972
0.44307
0.44453
0.44735
0.45109
0.45356
0.45572
0.45874
0.46214
0.4645
0.46741
0.47063
0.47479
0.47839
0.48136
0.48396
0.4869
0.48699
0.4851
0.48745
0.48602
0.48657
0.48792
0.48865
0.48894
0.49593
0.49549
0.49679
0.49885
0.50109
0.50297
0.50537
0.50844
0.51047
0.51256
0.51484
0.51614
0.51843
0.52053
0.52247
0.52366
0.52603
0.52763
0.52989
0.53379
0.53636
0.53919
0.54273
0.54362
0.54714
0.55253
0.55559
0.56307
0.56708
0.57089
0.57621
0.57756
0.5793
0.58267
0.58362
0.58535
0.58852
0.5866
0.58395
0.58661
0.58281
0.58202
0.58346
0.58472
0.58393
0.58496
0.58372
0.58334
0.58614
0.58605
0.56347
0.56642
0.56623
0.56694
0.569
0.57053
0.57162
0.57398
0.57577
0.57606
0.57727
0.57748
0.57636
0.5817
0.58369
0.58471
0.58651
0.58955
0.59139
0.59592
0.59968
0.60321
0.60835
0.6114
0.61553
0.59532
0.60035
0.60486
0.6097
0.61463
0.62179
0.6274
0.63275
0.63939
0.64747
0.65374
0.65921
0.66426
0.66876
0.67484
0.67978
0.68493
0.69216
0.70376
0.70976
0.71693
0.72169
0.72512
0.72887
0.73421
0.72905
0.7322
0.73451
0.73643
0.74213
0.74926
0.7539
0.7557
0.75781
0.76077
0.76089
0.76209
0.76429
0.76423
0.76516
0.76605
0.76635
0.76741
0.76836
0.76918
0.76914
0.77059
0.77141
0.77293
0.77392
0.76679
0.76921
0.76984
0.77119
0.77317
0.77491
0.77633
0.77843
0.77933
0.78045
0.78226
0.78452
0.78478
0.78547
0.78618
0.78676
0.78834
0.78983
0.78998
0.79242
0.79361
0.79422
0.79771
0.79808
0.79978
0.77761
0.78351
0.78454
0.78829
0.79134
0.79505
0.79797
0.8015
0.80483
0.80834
0.81027
0.81159
0.81426
0.81682
0.81992
0.82298
0.8265
0.8297
0.83295
0.83601
0.83897
0.8424
0.84588
0.84912
0.85358
0.83979
0.84333
0.84512
0.84821
0.85271
0.85562
0.85944
0.86321
0.86527
0.86817
0.87149
0.8735
0.87699
0.88083
0.88199
0.88387
0.88492
0.88561
0.88554
0.88692
0.8881
0.8893
0.89007
0.89069
0.89217
0.86635
0.87045
0.87225
0.87638
0.88581
0.88902
0.89239
0.89492
0.897
0.89954
0.90173
0.90297
0.9039
0.90537
0.90654
0.90693
0.90827
0.90626
0.90542
0.90607
0.90379
0.90187
0.90129
0.90134
0.89974
0.89766
0.89783
0.89621
0.89661
0.89637
0.89575
0.89648
0.89565
0.89363
0.89358
0.89182
0.89131
0.89064
0.89018
0.88955
0.88934
0.88865
0.88808
0.88888
0.8883
0.88834
0.8879
0.88704
0.8861
0.88645
0.85701
0.85904
0.85994
0.86083
0.86023
0.86104
0.86088
0.85938
0.85987
0.86019
0.86094
0.86095
0.86149
0.86268
0.86392
0.86518
0.86681
0.868
0.86952
0.8704
0.87267
0.8756
0.87756
0.88009
0.88258
0.86505
0.86979
0.87283
0.87758
0.88196
0.88618
0.89041
0.89491
0.89878
0.90181
0.90414
0.90662
0.90879
0.91023
0.91255
0.91473
0.9168
0.91841
0.91961
0.9211
0.92188
0.92312
0.9244
0.92466
0.92579
0.922
0.92341
0.92364
0.92511
0.92863
0.93086
0.93206
0.93354
0.93507
0.93601
0.93258
0.93397
0.93415
0.93579
0.93698
0.93786
0.93886
0.94009
0.94095
0.94212
0.94326
0.94416
0.94502
0.94496
0.94539
0.94546
0.9458
0.94627
0.94665
0.94717
0.94828
0.94867
0.94916
0.94946
0.95014
0.94431
0.94576
0.94546
0.94751
0.94798
0.94924
0.94952
0.95033
0.9506
0.9513
0.95154
0.95213
0.9534
0.95448
0.95568
0.95638
0.95708
0.95821
0.95894
0.95962
0.96015
0.96109
0.9616
0.96197
0.96252
0.95739
0.9586
0.95941
0.96052
0.9615
0.96205
0.9623
0.96161
0.96079
0.96045
0.95944
0.95886
0.95891
0.95891
0.95918
0.95939
0.95979
0.96018
0.96093
0.96087
0.96085
0.96105
0.96127
0.96123
0.9616
0.95457
0.95507
0.95541
0.95604
0.95683
0.95697
0.95736
0.9579
0.95864
0.95878
0.95892
0.95905
0.95911
0.95895
0.95896
0.95875
0.95796
0.95792
0.95745
0.95749
0.95743
0.95751
0.95734
0.95693
0.95667
0.94923
0.94983
0.94965
0.95042
0.95157
0.9519
0.95213
0.95256
0.95374
0.95439
0.95458
0.95588
0.95644
0.95692
0.95711
0.95688
0.95748
0.958
0.95788
0.958
0.95788
0.95732
0.95751
0.95809
0.95788
0.95189
0.95313
0.95367
0.95497
0.95598
0.95653
0.95321
0.95504
0.95549
0.95526
0.95611
0.95679
0.95757
0.95796
0.95901
0.95933
0.95953
0.95998
0.95998
0.96014
0.96046
0.96035
0.96049
0.96091
0.96092
0.96125
0.96122
0.96221
0.96241
0.96251
0.96247
0.95767
0.95847
0.95859
0.95918
0.9599
0.96051
0.96121
0.96142
0.96176
0.96176
0.96181
0.96209
0.96194
0.96178
0.96275
0.96305
0.96377
0.96452
0.96465
0.96505
0.96512
0.96583
0.96635
0.96641
0.96675
0.96103
0.96151
0.96239
0.96305
0.96386
0.96454
0.96526
0.96579
0.96595
0.96584
0.96605
0.96673
0.96729
0.96759
0.96805
0.96829
0.9685
0.9689
0.96903
0.96925
0.96887
0.96843
0.96843
0.96821
0.9681
0.96217
0.96211
0.96239
0.96252
0.96281
0.96312
0.96311
0.96294
0.9632
0.96307
0.96299
0.96301
0.96252
0.96252
0.96264
0.96255
0.96249
0.96236
0.96252
0.96307
0.96308
0.96325
0.96324
0.96331
0.96279
0.95843
0.9594
0.96038
0.96057
0.9609
0.96152
0.96179
0.96209
0.96209
0.96231
0.96287
0.96252
0.96258
0.96235
0.9627
0.96186
0.96168
0.95992
0.95931
0.95954
0.95913
0.95933
0.9598
0.95893
0.95903
0.95349
0.95378
0.95521
0.9559
0.95664
0.95799
0.95865
0.95906
0.95904
0.95906
0.95899
0.9585
0.95869
0.95863
0.95799
0.95777
0.95869
0.95952
0.95987
0.96033
0.95998
0.96064
0.96133
0.96141
0.96066
0.95331
0.95392
0.95484
0.9552
0.95624
0.95677
0.95728
0.9581
0.95871
0.95929
0.96033
0.9601
0.96072
0.96115
0.96174
0.96225
0.96293
0.9635
0.96344
0.96383
0.96389
0.96397
0.96343
0.96372
0.96383
0.95953
0.96051
0.96121
0.96199
0.96314
0.96405
0.9645
0.96478
0.96445
0.9646
0.9651
0.96544
0.96703
0.96727
0.96836
0.96932
0.9696
0.96974
0.96968
0.97002
0.97043
0.97007
0.9703
0.97013
0.97008
0.96633
0.96673
0.96706
0.96746
0.96772
0.96772
0.96853
0.96881
0.96858
0.96854
0.9681
0.96808
0.96821
0.9685
0.96892
0.96866
0.96802
0.96791
0.96766
0.96704
0.96638
0.96585
0.96452
0.96329
0.96266
0.95983
0.95984
0.96009
0.96039
0.96051
0.96012
0.95989
0.95989
0.95954
0.9596
0.96016
0.96044
0.96106
0.96136
0.96114
0.96173
0.96203
0.96244
0.96294
0.96288
0.963
0.96301
0.96299
0.96329
0.96281
0.95761
0.95823
0.95977
0.96035
0.96096
0.96178
0.96205
0.96205
0.96214
0.96178
0.96171
0.96186
0.96225
0.96228
0.96271
0.9631
0.96321
0.96308
0.96269
0.96309
0.96413
0.96478
0.96492
0.96494
0.96474
0.96092
0.96103
0.96075
0.96125
0.96168
0.96099
0.96076
0.96037
0.96057
0.9602
0.96018
0.96044
0.96092
0.96175
0.96248
0.96256
0.96325
0.9637
0.96402
0.96399
0.96437
0.96447
0.96487
0.96542
0.96572
0.9618
0.9632
0.96348
0.9653
0.96644
0.96705
0.9682
0.96776
0.9679
0.96768
0.96761
0.96815
0.96796
0.96821
0.96826
0.96902
0.96932
0.96958
0.96986
0.97024
0.97043
0.97066
0.97084
0.97172
0.97197
0.9655
0.96609
0.96617
0.96664
0.96754
0.96685
0.96674
0.96676
0.96669
0.96549
0.96592
0.96483
0.96405
0.96369
0.96182
0.9608
0.96037
0.9592
0.95757
0.95715
0.95568
0.95415
0.9537
0.95264
0.95236
0.94575
0.94577
0.94642
0.94726
0.94797
0.94747
0.94757
0.94758
0.94687
0.94704
0.94662
0.9461
0.94592
0.94635
0.94613
0.94607
0.946
0.94582
0.94568
0.94577
0.94539
0.94535
0.94591
0.94605
0.94634
0.94176
0.94269
0.94405
0.94416
0.9444
0.94518
0.94562
0.94616
0.94655
0.94652
0.94657
0.94696
0.94748
0.94685
0.94693
0.94722
0.94697
0.94735
0.94757
0.94776
0.94791
0.94828
0.94812
0.94819
0.94798
0.94205
0.94344
0.9437
0.94348
0.94387
0.94343
0.94317
0.94338
0.94224
0.94108
0.94027
0.93962
0.93742
0.93683
0.93327
0.92745
0.92538
0.91548
0.90881
0.90611
0.90035
0.89393
0.8913
0.88363
0.87768
0.86922
0.8613
0.85543
0.85273
0.84227
0.83361
0.83094
0.82114
0.81094
0.80499
0.79329
0.78313
0.77769
0.76575
0.75518
0.74975
0.74066
0.73191
0.72675
0.71791
0.71061
0.70687
0.69706
0.68871
0.68484
0.67273
0.66574
0.66328
0.65751
0.64668
0.64062
0.62483
0.60915
0.6004
0.58445
0.56601
0.55891
0.54266
0.52864
0.5236
0.51045
0.5019
0.49901
0.4924
0.48763
0.48464
0.47847
0.46748
0.46308
0.45311
0.44365
0.4427
0.43908
0.43917
0.43979
0.43399
0.42395
0.41976
0.40611
0.39291
0.38615
0.37828
0.3678
0.36499
0.35906
0.35446
0.35204
0.3497
0.34729
0.34733
0.34308
0.34078
0.3411
0.34143
0.33911
0.33809
0.33253
0.32475
0.32463
0.32251
0.31941
0.32041
0.32002
0.31896
0.31891
0.31603
0.31384
0.31543
0.31736
0.31853
0.32089
0.32127
0.32035
0.32041
0.3205
0.32023
0.32227
0.326
0.32797
0.33185
0.33729
0.34393
0.34934
0.3618
0.37298
0.37579
0.36567
0.3606
0.36228
0.36012
0.36257
0.36685
0.36753
0.37152
0.37018
0.37148
0.37458
0.37739
0.37617
0.37325
0.37525
0.37569
0.37877
0.38283
0.38346
0.3847
0.38727
0.38941
0.39229
0.39559
0.39492
0.39906
0.40317
0.40059
0.39338
0.39516
0.39135
0.3909
0.39001
0.3883
0.38563
0.38647
0.3828
0.37769
0.37784
0.37357
0.36931
0.36992
0.36705
0.36604
0.36984
0.37047
0.3764
0.38127
0.38539
0.39383
0.39843
0.39867
0.39879
0.40659
0.40927
0.41149
0.41192
0.41813
0.41427
0.4153
0.40681
0.39879
0.3953
0.38766
0.39011
0.39155
0.399
0.40304
0.40536
0.40938
0.40943
0.40935
0.41029
0.40994
0.4106
0.41017
0.41207
0.41421
0.41233
0.40932
0.40994
0.40782
0.41008
0.41259
0.41567
0.42221
0.4239
0.42405
0.42781
0.4311
0.43866
0.44385
0.44712
0.45218
0.46164
0.46495
0.47279
0.47787
0.48156
0.48768
0.49534
0.49868
0.50416
0.51205
0.51864
0.5261
0.54177
0.54843
0.54548
0.54224
0.54128
0.54093
0.54089
0.54114
0.53994
0.54305
0.54717
0.54498
0.542
0.54093
0.53654
0.53305
0.53541
0.53203
0.52956
0.53028
0.52965
0.53558
0.53591
0.54271
0.55269
0.55996
0.57049
0.58439
0.58805
0.58659
0.58565
0.58688
0.58488
0.57878
0.57773
0.57517
0.57455
0.57596
0.57355
0.57064
0.57024
0.5686
0.56342
0.56376
0.56204
0.55728
0.55541
0.54877
0.53537
0.52923
0.52119
0.51471
0.51415
0.50602
0.50112
0.50386
0.50919
0.51739
0.52179
0.52248
0.52361
0.52429
0.52409
0.52863
0.52834
0.52467
0.52378
0.525
0.52259
0.52358
0.52508
0.52468
0.52761
0.52886
0.53152
0.53971
0.54007
0.53945
0.54063
0.54288
0.54139
0.54178
0.54028
0.53774
0.5406
0.53882
0.53161
0.53351
0.52655
0.52816
0.52695
0.52877
0.5283
0.49724
0.49697
0.48107
0.41585
0.40777
0.39021
0.3758
0.26929
0.25911
0.24786
0.24446
0.23931
0.20704
0.20954
0.20745
0.19855
0.20139
0.19523
0.19687
0.19772
0.20301
0.20663
0.20921
0.20729
0.21007
0.21327
0.22976
0.2283
0.23465
0.23611
0.23198
0.24775
0.24609
0.25243
0.2536
0.26478
0.27294
0.27639
0.2686
0.27025
0.26864
0.26122
0.25794
0.25749
0.24137
0.2305
0.23452
0.23004
0.21752
0.21858
0.21056
0.20671
0.21042
0.20963
0.21434
0.21884
0.21877
0.22467
0.22911
0.22984
0.24192
0.24836
0.25289
0.2541
0.25771
0.25689
0.24894
0.2483
0.24442
0.24873
0.23434
0.23915
0.23817
0.23796
0.23174
0.22627
0.22762
0.21842
0.2111
0.21488
0.21923
0.22617
0.22988
0.23187
0.23429
0.23365
0.2358
0.23744
0.23999
0.23423
0.23974
0.24247
0.24336
0.24124
0.23888
0.23098
0.23616
0.24528
0.24656
0.25308
0.25845
0.2522
0.25088
0.24511
0.23426
0.23157
0.22997
0.22759
0.22904
0.22817
0.22315
0.22229
0.21885
0.21605
0.20663
0.20719
0.20217
0.1987
0.19851
0.20043
0.19205
0.19879
0.2013
0.1979
0.20166
0.1975
0.19562
0.19898
0.2022
0.19767
0.19841
0.20511
0.21192
0.21487
0.22082
0.21985
0.22057
0.22052
0.2228
0.22476
0.22122
0.22949
0.19416
0.1943
0.19132
0.18484
0.19546
0.2063
0.2103
0.21641
0.2192
0.2174
0.21592
0.21865
0.21595
0.22313
0.22352
0.21498
0.2205
0.23562
0.25135
0.28473
0.28641
0.28977
0.30421
0.33435
0.34435
0.35256
0.36738
0.37077
0.37658
0.38478
0.38443
0.37292
0.36379
0.36567
0.35862
0.35714
0.35842
0.34646
0.34598
0.34278
0.33268
0.32132
0.26644
0.26265
0.27082
0.2729
0.26694
0.26706
0.26777
0.25725
0.21373
0.21327
0.20853
0.20653
0.20464
0.19779
0.19262
0.19062
0.18165
0.17323
0.17928
0.17533
0.17026
0.16959
0.1643
0.16227
0.16207
0.15974
0.15998
0.15911
0.16162
0.16148
0.16243
0.16419
0.16442
0.16334
0.16577
0.16684
0.14836
0.14683
0.14712
0.14488
0.14148
0.14442
0.14487
0.14378
0.14365
0.14252
0.13992
0.1328
0.13144
0.12398
0.11847
0.11698
0.11086
0.10686
0.10568
0.10318
0.09984
0.09788
0.09697
0.09842
0.0993
0.09211
0.0931
0.0938
0.09601
0.09697
0.09859
0.09983
0.10148
0.102
0.10362
0.1037
0.1056
0.10927
0.11098
0.11238
0.11574
0.12105
0.12419
0.12896
0.13514
0.14057
0.14826
0.1572
0.16232
0.17398
0.18884
0.19184
0.2051
0.21394
0.23297
0.24567
0.2575
0.28522
0.30269
0.31411
0.31575
0.32692
0.33401
0.33696
0.35876
0.37187
0.38042
0.38893
0.39761
0.40505
0.41684
0.42303
0.4342
0.44042
0.44063
0.48396
0.4922
0.41187
0.40743
0.3884
0.38052
0.32092
0.32002
0.27483
0.26574
0.25618
0.24454
0.24118
0.22962
0.21048
0.20222
0.18848
0.1742
0.16993
0.16047
0.16306
0.1627
0.16878
0.17305
0.17149
0.16835
0.17139
0.17453
0.18098
0.18348
0.18546
0.18583
0.18446
0.18497
0.18352
0.17607
0.17336
0.16932
0.16519
0.16394
0.15815
0.15085
0.14576
0.13387
0.12676
0.12535
0.12187
0.11883
0.11656
0.1146
0.11524
0.11524
0.1161
0.11633
0.11658
0.11799
0.11825
0.11851
0.11921
0.11954
0.11937
0.1198
0.12023
0.1205
0.12103
0.12061
0.12082
0.12126
0.12409
0.12569
0.13075
0.13461
0.13622
0.1407
0.14905
0.15402
0.16234
0.16669
0.16806
0.18013
0.19106
0.21174
0.24101
0.30917
0.33757
0.40395
0.43868
0.52718
0.60606
0.63646
0.66364
0.70149
0.73207
0.74523
0.75385
0.75991
0.76486
0.77134
0.77267
0.77024
0.78211
0.77617
0.77551
0.77651
0.77443
0.77502
0.77202
0.76987
0.77058
0.76874
0.76595
0.76568
0.76332
0.7619
0.76218
0.76
0.74538
0.74359
0.71577
0.66275
0.64809
0.5714
0.48454
0.47052
0.43779
0.3368
0.33943
0.33535
0.33036
0.3273
0.3228
0.32204
0.31806
0.31386
0.30738
0.30303
0.29676
0.29652
0.29291
0.28564
0.21976
0.2063
0.19941
0.19332
0.17587
0.17068
0.16867
0.16938
0.16882
0.16287
0.16135
0.16381
0.16497
0.16759
0.16837
0.16596
0.16572
0.16237
0.15668
0.15466
0.15
0.14063
0.13939
0.13232
0.12857
0.12618
0.12062
0.11655
0.11465
0.11097
0.10899
0.10749
0.10677
0.10745
0.10821
0.11294
0.11677
0.11854
0.12115
0.12296
0.12339
0.12336
0.12325
0.12375
0.12328
0.12298
0.12336
0.12391
0.12392
0.12309
0.12364
0.12432
0.12459
0.12469
0.12632
0.12718
0.12868
0.12849
0.12909
0.13047
0.13068
0.13033
0.1307
0.13061
0.13074
0.13136
0.1316
0.13187
0.13106
0.13176
0.13128
0.13205
0.13184
0.13126
0.1308
0.13263
0.13151
0.13208
0.13213
0.13241
0.13255
0.13269
0.133
0.13354
0.13411
0.13038
0.13007
0.13098
0.13127
0.13209
0.13352
0.13393
0.13634
0.14185
0.14463
0.15204
0.15581
0.15866
0.16566
0.17362
0.17626
0.18071
0.18442
0.18572
0.1872
0.18616
0.18537
0.18547
0.18644
0.18789
0.19163
0.1907
0.18934
0.18612
0.18378
0.18523
0.18457
0.18431
0.18163
0.17671
0.1705
0.16694
0.15863
0.15548
0.1532
0.14855
0.1422
0.14056
0.12973
0.12527
0.12464
0.123
0.12428
0.12498
0.13065
0.13936
0.14314
0.14996
0.1545
0.15649
0.15792
0.15444
0.15424
0.14963
0.14402
0.14135
0.13722
0.1352
0.13948
0.14058
0.14017
0.13961
0.13564
0.13255
0.13097
0.12367
0.11621
0.11255
0.1071
0.1027
0.10435
0.10583
0.10498
0.10556
0.10865
0.11513
0.11985
0.11979
0.12107
0.12207
0.12439
0.12378
0.12449
0.1243
0.12826
0.13201
0.13727
0.13806
0.13925
0.13666
0.13546
0.13614
0.13427
0.13486
0.13494
0.1373
0.13644
0.13498
0.13311
0.13257
0.13216
0.1298
0.12737
0.12684
0.12585
0.12398
0.12472
0.12471
0.12532
0.12746
0.129
0.13
0.13087
0.13003
0.13014
0.12984
0.12658
0.12661
0.12843
0.13491
0.14412
0.1502
0.15185
0.15841
0.15916
0.16457
0.17521
0.17462
0.17594
0.19771
0.20301
0.20394
0.19734
0.19622
0.18668
0.18329
0.18646
0.17432
0.16928
0.16307
0.14526
0.13393
0.13095
0.12824
0.1237
0.12443
0.12585
0.12598
0.12193
0.12072
0.12132
0.11887
0.11249
0.10755
0.10299
0.10086
0.09917
0.09752
0.09598
0.09338
0.09128
0.09474
0.09994
0.10251
0.10721
0.1136
0.11571
0.11839
0.11983
0.12165
0.13709
0.14229
0.14344
0.14945
0.14733
0.14622
0.14731
0.14745
0.15006
0.14657
0.14066
0.13493
0.1241
0.11596
0.11423
0.10806
0.09992
0.09662
0.08908
0.08908
0.0917
0.10376
0.11135
0.11436
0.11873
0.12353
0.12412
0.12542
0.12493
0.12562
0.12551
0.12617
0.12561
0.1243
0.12479
0.12228
0.12042
0.11911
0.118
0.11642
0.11615
0.11709
0.12236
0.12464
0.12538
0.12835
0.1313
0.13287
0.13379
0.13325
0.1373
0.13867
0.1365
0.13661
0.13582
0.13689
0.1372
0.13464
0.13379
0.13312
0.13155
0.1318
0.13122
0.13076
0.13175
0.13204
0.13195
0.13243
0.13246
0.13077
0.1307
0.13013
0.13035
0.13037
0.13137
0.13591
0.14428
0.14983
0.152
0.15137
0.14971
0.14863
0.15325
0.15439
0.15497
0.16027
0.16548
0.17594
0.17197
0.17411
0.16897
0.16379
0.15636
0.14946
0.14435
0.1458
0.14503
0.13554
0.13162
0.11885
0.10815
0.10625
0.1048
0.10356
0.10586
0.10704
0.11084
0.11268
0.11743
0.12412
0.12775
0.12879
0.12741
0.12711
0.12428
0.12361
0.12305
0.1201
0.11369
0.11358
0.11226
0.10937
0.10941
0.10821
0.10698
0.1133
0.11173
0.11287
0.11509
0.1208
0.12336
0.12596
0.12975
0.13273
0.13295
0.13316
0.13264
0.13257
0.13283
0.13304
0.13331
0.13345
0.13427
0.13411
0.13457
0.1345
0.13421
0.13429
0.13415
0.13443
0.13202
0.13112
0.13126
0.13141
0.1324
0.13277
0.1329
0.1332
0.13355
0.13365
0.13368
0.13396
0.13452
0.13481
0.13471
0.135
0.13505
0.13527
0.13514
0.13574
0.13605
0.13622
0.13628
0.13637
0.13619
0.13793
0.1378
0.13784
0.13817
0.1387
0.13877
0.13886
0.13878
0.13894
0.13923
0.13904
0.13848
0.13848
0.13885
0.13925
0.14079
0.14206
0.14376
0.14832
0.1512
0.15409
0.1537
0.15443
0.15205
0.15098
0.1504
0.14901
0.14835
0.14935
0.1525
0.15535
0.15661
0.1611
0.16139
0.1639
0.16855
0.17031
0.17397
0.17662
0.18212
0.18327
0.18126
0.17841
0.18191
0.17685
0.18977
0.19767
0.19835
0.18712
0.18937
0.19854
0.20095
0.20301
0.19464
0.19105
0.18841
0.18753
0.18905
0.19219
0.19001
0.18472
0.1812
0.17159
0.17502
0.18601
0.16671
0.16546
0.16747
0.16663
0.16871
0.15158
0.1553
0.15731
0.15939
0.15801
0.14071
0.14124
0.13873
0.14319
0.154
0.1601
0.1654
0.16478
0.15853
0.1598
0.15993
0.15767
0.15907
0.15866
0.15617
0.15474
0.15581
0.15654
0.15675
0.15748
0.15817
0.1595
0.15905
0.15796
0.15686
0.1549
0.15496
0.15349
0.15358
0.14959
0.14617
0.1451
0.14221
0.13987
0.13397
0.1328
0.13176
0.13105
0.13184
0.13256
0.13321
0.13474
0.13541
0.13587
0.13708
0.13963
0.14018
0.14152
0.14399
0.14116
0.14891
0.14951
0.14966
0.15227
0.15136
0.15232
0.1517
0.1508
0.15081
0.15151
0.15155
0.15176
0.15273
0.15453
0.15617
0.15383
0.15535
0.15644
0.15734
0.15806
0.15783
0.1572
0.15817
0.15979
0.15544
0.16236
0.16214
0.16175
0.16284
0.16297
0.16317
0.16087
0.16016
0.15862
0.15719
0.15681
0.15748
0.15793
0.1586
0.15726
0.15552
0.15601
0.1528
0.15176
0.15095
0.14942
0.14623
0.14661
0.1443
0.14261
0.13901
0.13735
0.13598
0.13688
0.13539
0.13484
0.13458
0.1336
0.1348
0.13523
0.13399
0.13393
0.1344
0.13457
0.13478
0.13598
0.13673
0.13728
0.13855
0.13844
0.13856
0.13924
0.14085
0.14226
0.14316
0.1386
0.13933
0.13965
0.14001
0.1413
0.14315
0.14361
0.1454
0.14634
0.14825
0.14885
0.15066
0.15221
0.15413
0.15509
0.1574
0.15888
0.16041
0.16135
0.16259
0.16299
0.16404
0.1646
0.16656
0.16724
0.1676
0.16974
0.17082
0.17157
0.17352
0.17462
0.17619
0.17764
0.17881
0.17911
0.18059
0.18255
0.1839
0.18488
0.18526
0.18696
0.18824
0.18931
0.19088
0.19156
0.19274
0.19459
0.19573
0.19691
0.19822
0.19256
0.1955
0.19628
0.19757
0.19804
0.19868
0.19917
0.19863
0.19754
0.19799
0.19689
0.19787
0.19891
0.2001
0.20119
0.20195
0.2014
0.20127
0.20155
0.20236
0.20476
0.20653
0.20782
0.20833
0.20893
0.20024
0.20021
0.20017
0.20172
0.20154
0.20227
0.20227
0.20253
0.20345
0.20591
0.20617
0.20615
0.20747
0.20893
0.20905
0.21058
0.21241
0.21189
0.21256
0.2136
0.21428
0.21476
0.21474
0.21566
0.21555
0.21092
0.21076
0.21132
0.21208
0.21311
0.21265
0.21316
0.2143
0.21449
0.21468
0.21518
0.21602
0.21558
0.2154
0.21591
0.21643
0.21766
0.21822
0.21718
0.21808
0.21671
0.21779
0.21809
0.21816
0.21863
0.22029
0.22085
0.22183
0.22149
0.22131
0.22127
0.22172
0.2218
0.22291
0.2237
0.22372
0.22322
0.22294
0.22333
0.22395
0.22424
0.22446
0.22592
0.22715
0.23145
0.23029
0.23151
0.23194
0.23033
0.23481
0.23321
0.23487
0.23582
0.24501
0.25147
0.25549
0.26234
0.2922
0.29987
0.31141
0.33051
0.34027
0.38284
0.45323
0.48179
0.51271
0.53241
0.54953
0.55936
0.56199
0.56825
0.56881
0.5817
0.58737
0.58904
0.57459
0.57997
0.58266
0.58244
0.57781
0.55922
0.54274
0.54037
0.53504
0.53382
0.53677
0.5362
0.52699
0.52171
0.51538
0.51312
0.51609
0.52226
0.52772
0.53369
0.53868
0.54408
0.54833
0.55098
0.55526
0.54379
0.54679
0.55229
0.55872
0.56104
0.56245
0.56717
0.56827
0.57034
0.57511
0.57599
0.5764
0.58059
0.58122
0.58352
0.58922
0.59182
0.59283
0.59694
0.59918
0.60089
0.60434
0.60688
0.61053
0.61482
0.61228
0.61394
0.61669
0.62082
0.63843
0.64414
0.64497
0.64589
0.64873
0.65164
0.65391
0.65653
0.6563
0.6589
0.66231
0.66522
0.66875
0.67191
0.67585
0.67993
0.68189
0.67894
0.67635
0.67805
0.67561
0.66774
0.66895
0.6656
0.66657
0.66929
0.66916
0.66886
0.67224
0.67381
0.67625
0.67856
0.68258
0.68634
0.68901
0.6903
0.69281
0.69612
0.69716
0.7016
0.7032
0.69991
0.69953
0.69939
0.69744
0.69659
0.69383
0.69204
0.68766
0.68534
0.68433
0.68378
0.68479
0.68633
0.68822
0.69042
0.6953
0.69535
0.69675
0.69924
0.70048
0.70387
0.70708
0.71138
0.71652
0.7212
0.72483
0.72786
0.73155
0.73352
0.73782
0.7349
0.74023
0.74234
0.74857
0.75175
0.75633
0.76059
0.76364
0.76735
0.77169
0.77434
0.77744
0.78117
0.78309
0.78509
0.78646
0.7876
0.79003
0.79079
0.79136
0.79386
0.79512
0.79786
0.80131
0.80326
0.79813
0.80134
0.80351
0.80491
0.80724
0.80979
0.80941
0.81258
0.8142
0.8165
0.81882
0.82055
0.82268
0.82522
0.82646
0.82758
0.82982
0.83186
0.83285
0.83473
0.83516
0.83541
0.83763
0.83941
0.83961
0.83397
0.83515
0.83529
0.83702
0.84003
0.84105
0.84257
0.84315
0.84396
0.84615
0.84722
0.84803
0.84963
0.84975
0.85046
0.8513
0.85294
0.85282
0.85348
0.8516
0.84976
0.84938
0.84616
0.84316
0.84326
0.83333
0.8342
0.83483
0.83469
0.83473
0.83507
0.83535
0.83443
0.83287
0.83301
0.83231
0.83394
0.83482
0.83473
0.83517
0.83454
0.83539
0.83684
0.83688
0.83658
0.83779
0.83801
0.8383
0.83819
0.83853
0.82899
0.83017
0.83181
0.83243
0.83439
0.83653
0.83777
0.83952
0.84097
0.84068
0.84129
0.84052
0.84023
0.84124
0.84074
0.84134
0.84232
0.84162
0.8419
0.84376
0.84439
0.84504
0.84676
0.84766
0.8494
0.84139
0.84524
0.84749
0.8511
0.85503
0.85847
0.8622
0.86549
0.86809
0.87072
0.87316
0.87505
0.87713
0.87854
0.87984
0.88163
0.88341
0.88549
0.88755
0.89001
0.89191
0.89304
0.89457
0.89521
0.89658
0.88849
0.89152
0.89188
0.89358
0.89598
0.89767
0.89995
0.90121
0.90277
0.90353
0.90416
0.90503
0.90661
0.90765
0.90918
0.90967
0.91044
0.91074
0.91147
0.91217
0.91286
0.91353
0.91461
0.91521
0.91624
0.9102
0.91097
0.91202
0.91278
0.91416
0.91543
0.91592
0.91644
0.91636
0.91714
0.91791
0.91846
0.91849
0.91893
0.91942
0.91948
0.91966
0.91985
0.91965
0.91959
0.91895
0.91897
0.91891
0.91913
0.91916
0.91303
0.91324
0.9134
0.91453
0.91532
0.91596
0.91668
0.91671
0.91592
0.91575
0.91523
0.91548
0.91532
0.9155
0.91535
0.91597
0.91645
0.91606
0.91643
0.91633
0.91642
0.91605
0.91563
0.91631
0.91649
0.9141
0.91451
0.91502
0.91555
0.9154
0.91635
0.91672
0.91662
0.91637
0.91601
0.91588
0.91607
0.91621
0.91602
0.9159
0.91571
0.9155
0.91523
0.91502
0.91563
0.91549
0.91466
0.91469
0.91453
0.91588
0.91277
0.91409
0.91436
0.91404
0.91481
0.91617
0.91698
0.91743
0.91879
0.92023
0.9206
0.92158
0.923
0.92374
0.92437
0.92517
0.92554
0.92626
0.92663
0.92686
0.92742
0.92764
0.92785
0.92814
0.92806
0.92375
0.92462
0.92521
0.92592
0.92578
0.92637
0.92662
0.92688
0.92689
0.92737
0.92778
0.92792
0.92752
0.92734
0.92737
0.92724
0.9269
0.92594
0.92573
0.92477
0.9243
0.92397
0.92356
0.92309
0.92331
0.91857
0.91848
0.91853
0.91874
0.91902
0.91942
0.91916
0.91929
0.91956
0.91945
0.91973
0.91982
0.92003
0.92007
0.92027
0.92035
0.92047
0.92049
0.92069
0.92089
0.92099
0.92108
0.92189
0.92222
0.92222
0.9176
0.91814
0.91881
0.91912
0.91995
0.92027
0.92038
0.92072
0.92109
0.92155
0.92191
0.9226
0.92295
0.92331
0.92363
0.92377
0.92438
0.92472
0.92497
0.92513
0.92507
0.9257
0.92616
0.92676
0.92719
0.92453
0.9252
0.92493
0.92558
0.92583
0.92601
0.92616
0.92671
0.92775
0.92914
0.92982
0.93133
0.93146
0.93227
0.93363
0.93394
0.93437
0.93446
0.93477
0.93478
0.93485
0.93498
0.93486
0.93474
0.93468
0.93311
0.93405
0.93448
0.93498
0.93546
0.93549
0.93578
0.93601
0.93607
0.93613
0.93601
0.93593
0.93631
0.93635
0.93628
0.93743
0.93746
0.93755
0.9372
0.93739
0.93737
0.93731
0.93754
0.93765
0.93801
0.93713
0.93734
0.93763
0.93825
0.9385
0.93887
0.93872
0.93898
0.93912
0.93916
0.93928
0.93929
0.93943
0.93963
0.93957
0.93959
0.93964
0.93959
0.93949
0.93949
0.93977
0.93947
0.93955
0.93944
0.93939
0.93867
0.93891
0.93892
0.93934
0.93956
0.93965
0.93969
0.93921
0.93856
0.93829
0.93706
0.93583
0.93516
0.93455
0.93366
0.93345
0.93316
0.93263
0.93265
0.93241
0.93244
0.93196
0.93214
0.93232
0.93264
0.93147
0.93212
0.93248
0.93318
0.93359
0.93346
0.93417
0.9337
0.93384
0.93441
0.93478
0.93526
0.93564
0.93589
0.93613
0.93567
0.93589
0.93588
0.93583
0.93592
0.93512
0.9351
0.93465
0.93425
0.93442
0.93458
0.93378
0.93425
0.93378
0.93389
0.93426
0.93439
0.93478
0.93525
0.93268
0.93297
0.93373
0.93392
0.93505
0.93589
0.93591
0.93681
0.93726
0.93745
0.93732
0.93756
0.93747
0.93666
0.93653
0.93632
0.93546
0.935
0.93478
0.93383
0.93321
0.93257
0.93147
0.93075
0.92971
0.92585
0.92419
0.92411
0.92397
0.92431
0.92469
0.92576
0.92675
0.92693
0.92726
0.92697
0.92737
0.92694
0.92657
0.92669
0.92627
0.92605
0.9265
0.92618
0.92573
0.92595
0.92545
0.92587
0.92579
0.92586
0.92597
0.92628
0.92676
0.92713
0.92763
0.92703
0.92647
0.9266
0.9268
0.92649
0.9268
0.92822
0.92785
0.92785
0.92729
0.92711
0.92695
0.9264
0.92682
0.92686
0.92658
0.92621
0.92593
0.92624
0.9266
0.92458
0.92418
0.92459
0.92539
0.9257
0.92402
0.92447
0.92355
0.92292
0.92285
0.92201
0.92222
0.9212
0.92141
0.92055
0.92102
0.92116
0.92097
0.92092
0.92074
0.92039
0.92075
0.92072
0.92079
0.9207
0.9214
0.92187
0.92063
0.91507
0.9102
0.90849
0.90396
0.90042
0.89909
0.89599
0.89386
0.89272
0.89096
0.89077
0.89032
0.8895
0.88827
0.88824
0.8864
0.8846
0.8846
0.8837
0.88219
0.88186
0.88083
0.8797
0.88022
0.88053
0.88102
0.88187
0.88279
0.88264
0.88245
0.88203
0.88248
0.88276
0.88189
0.88174
0.88253
0.88272
0.88353
0.88356
0.88368
0.88379
0.88439
0.88416
0.88408
0.88452
0.8851
0.88531
0.88531
0.88541
0.8862
0.88653
0.88592
0.8867
0.88637
0.88688
0.88755
0.88793
0.88847
0.88819
0.88903
0.8895
0.88998
0.8906
0.89078
0.89077
0.89161
0.89158
0.89197
0.89245
0.89118
0.8912
0.89205
0.88739
0.8881
0.88889
0.89088
0.89262
0.89364
0.89275
0.89275
0.89394
0.89329
0.8929
0.89478
0.89549
0.89515
0.89587
0.89611
0.89762
0.89866
0.89975
0.8995
0.89919
0.89833
0.89755
0.8981
0.89769
0.89052
0.89037
0.88663
0.88306
0.88249
0.8784
0.87518
0.8737
0.87098
0.86939
0.86907
0.86813
0.86598
0.86568
0.86388
0.86278
0.86415
0.86188
0.86148
0.86083
0.8596
0.85919
0.85848
0.85647
0.855
0.84323
0.84371
0.84505
0.8458
0.84685
0.84826
0.84954
0.85066
0.85136
0.85239
0.85303
0.8539
0.85517
0.85643
0.85679
0.85782
0.85893
0.86042
0.86154
0.86299
0.86471
0.86606
0.86787
0.86925
0.87163
0.86357
0.86691
0.87013
0.87473
0.87806
0.88134
0.88397
0.8862
0.88846
0.89099
0.89246
0.89439
0.89584
0.89904
0.90134
0.90401
0.90597
0.90847
0.91107
0.91134
0.91364
0.91392
0.91688
0.91714
0.9199
0.91424
0.91763
0.92084
0.92264
0.92695
0.92801
0.92908
0.92968
0.92988
0.93007
0.93019
0.92982
0.92956
0.92913
0.92976
0.93017
0.93025
0.93088
0.93105
0.93122
0.93151
0.93118
0.93056
0.92899
0.92583
0.91953
0.91789
0.9195
0.91999
0.91766
0.91776
0.91736
0.9183
0.9199
0.92058
0.92131
0.92205
0.92191
0.9232
0.92369
0.92486
0.92464
0.92562
0.92577
0.92538
0.926
0.92688
0.92711
0.92741
0.92766
0.92595
0.92702
0.92732
0.92862
0.9294
0.93025
0.93157
0.93192
0.93193
0.93291
0.93176
0.93366
0.93293
0.93413
0.93432
0.93515
0.93605
0.93612
0.93573
0.93456
0.93325
0.93466
0.93304
0.93448
0.93407
0.93135
0.93241
0.93348
0.93495
0.93546
0.93565
0.93574
0.93622
0.93707
0.93707
0.93662
0.93667
0.93619
0.93596
0.93565
0.93527
0.93471
0.93527
0.93556
0.93664
0.93671
0.93722
0.93784
0.93795
0.93844
0.93311
0.93418
0.93506
0.93606
0.9367
0.93728
0.93786
0.93806
0.93856
0.93795
0.93719
0.93589
0.93403
0.93459
0.93299
0.93426
0.93448
0.9368
0.9368
0.93861
0.93885
0.9394
0.94018
0.9397
0.9398
0.93683
0.93757
0.9385
0.93912
0.93979
0.93989
0.93906
0.93948
0.93967
0.93956
0.93984
0.93949
0.93997
0.94001
0.94018
0.94018
0.94046
0.94047
0.94066
0.94072
0.94101
0.93997
0.94009
0.9399
0.93916
0.93296
0.93379
0.9323
0.93188
0.93188
0.92999
0.93153
0.93127
0.93096
0.93187
0.93196
0.93371
0.93474
0.93544
0.9355
0.9363
0.93689
0.93682
0.93651
0.93608
0.93562
0.93782
0.93796
0.9399
0.94056
0.93567
0.93889
0.94056
0.94144
0.94225
0.94288
0.94325
0.94306
0.94312
0.94334
0.94338
0.94419
0.94438
0.94439
0.94444
0.94475
0.94433
0.94419
0.94386
0.94314
0.9427
0.94252
0.94246
0.94175
0.94266
0.92958
0.9295
0.93077
0.93026
0.93075
0.93058
0.9313
0.93205
0.93272
0.93323
0.93339
0.93438
0.9364
0.93619
0.93749
0.93743
0.93841
0.93938
0.93943
0.94007
0.93883
0.93816
0.93849
0.93884
0.9391
0.93283
0.93423
0.93531
0.93615
0.93613
0.93537
0.93481
0.93448
0.93311
0.93255
0.93115
0.93049
0.9304
0.92949
0.92867
0.92826
0.92793
0.92731
0.92717
0.92584
0.92484
0.92397
0.92294
0.9225
0.92224
0.91816
0.91918
0.92028
0.92097
0.92248
0.92298
0.92332
0.92465
0.92545
0.92503
0.924
0.92293
0.91905
0.91561
0.91433
0.91035
0.90706
0.90562
0.90133
0.89905
0.8979
0.89553
0.89158
0.88946
0.88545
0.87647
0.8755
0.87237
0.869
0.8686
0.86532
0.86196
0.86082
0.85734
0.85367
0.85324
0.84977
0.84799
0.84679
0.84254
0.83961
0.83791
0.83411
0.83048
0.8304
0.82782
0.8267
0.82514
0.82057
0.81256
0.80586
0.79856
0.7907
0.78701
0.77651
0.76689
0.76297
0.75284
0.74214
0.73607
0.72659
0.71835
0.71432
0.70576
0.69886
0.69499
0.68797
0.67922
0.67647
0.66751
0.65933
0.65723
0.65291
0.64941
0.64813
0.64427
0.64278
0.64235
0.63785
0.63377
0.63448
0.62567
0.6186
0.61731
0.61068
0.59739
0.59207
0.58162
0.57115
0.56596
0.55452
0.5424
0.5376
0.52831
0.52288
0.51959
0.51239
0.50624
0.5039
0.49565
0.48156
0.48279
0.47605
0.46874
0.46664
0.46366
0.45986
0.45951
0.45875
0.45962
0.4619
0.4586
0.45472
0.45543
0.45181
0.44541
0.4421
0.43134
0.42209
0.42276
0.42127
0.42644
0.42985
0.4247
0.42034
0.41659
0.41028
0.40745
0.40695
0.38976
0.38164
0.37922
0.37016
0.36547
0.364
0.35453
0.35138
0.35052
0.34449
0.33911
0.33681
0.32965
0.32278
0.32388
0.32104
0.31914
0.32203
0.32666
0.33322
0.33769
0.34363
0.3266
0.32828
0.32364
0.31966
0.32284
0.32686
0.32595
0.33184
0.34171
0.34575
0.34935
0.34835
0.35636
0.36279
0.36531
0.36672
0.3746
0.38549
0.39015
0.39546
0.39654
0.39541
0.38924
0.37979
0.37876
0.38141
0.38126
0.38106
0.38287
0.38363
0.38378
0.38719
0.39199
0.39187
0.39614
0.40325
0.409
0.4151
0.4155
0.41384
0.41302
0.4133
0.41174
0.41142
0.40933
0.41069
0.41639
0.41151
0.41577
0.41433
0.41208
0.41738
0.42175
0.42755
0.4333
0.44097
0.44582
0.44719
0.44664
0.44323
0.43663
0.43749
0.43343
0.43278
0.43434
0.43362
0.43117
0.43428
0.43279
0.43241
0.4374
0.43244
0.43732
0.43822
0.42488
0.42245
0.4241
0.42492
0.42882
0.43317
0.4392
0.44231
0.44211
0.43871
0.43466
0.43796
0.43764
0.4427
0.44777
0.44657
0.44758
0.45386
0.45049
0.45086
0.45712
0.46035
0.46465
0.46722
0.47502
0.48025
0.48656
0.49088
0.49542
0.49952
0.5018
0.49824
0.50164
0.49932
0.49118
0.48648
0.4838
0.47854
0.47438
0.46897
0.46856
0.46833
0.46625
0.46405
0.46763
0.45998
0.45454
0.45867
0.45087
0.43261
0.41955
0.41524
0.41195
0.41361
0.40223
0.39107
0.38818
0.38042
0.37626
0.37752
0.36267
0.35656
0.35688
0.34308
0.29983
0.29621
0.29329
0.29276
0.29389
0.31269
0.32472
0.32761
0.35786
0.38022
0.38766
0.41587
0.47231
0.48459
0.52461
0.55475
0.56406
0.58574
0.59899
0.60178
0.60421
0.60315
0.60561
0.60302
0.59786
0.59605
0.59432
0.58669
0.58803
0.58028
0.5676
0.55834
0.54852
0.53769
0.53254
0.53058
0.51307
0.51436
0.50849
0.49873
0.49425
0.49025
0.48481
0.48347
0.47628
0.47432
0.47547
0.47642
0.4729
0.47433
0.47244
0.46888
0.47144
0.47584
0.47899
0.48257
0.4833
0.48772
0.48999
0.49214
0.49104
0.48833
0.48871
0.48823
0.48679
0.48304
0.47881
0.48699
0.4881
0.49052
0.48582
0.47781
0.47825
0.47863
0.45488
0.44814
0.44735
0.44575
0.40101
0.40488
0.39849
0.39935
0.39961
0.39811
0.40318
0.40387
0.39466
0.39737
0.40076
0.4006
0.39893
0.40271
0.40007
0.40118
0.40435
0.41642
0.43252
0.43761
0.46813
0.48171
0.48711
0.50959
0.51349
0.5149
0.52198
0.52731
0.5315
0.5359
0.5448
0.54903
0.54963
0.55449
0.55177
0.5452
0.5388
0.53898
0.52797
0.52012
0.5203
0.51583
0.51104
0.50944
0.5052
0.50217
0.50342
0.50878
0.51832
0.52561
0.53437
0.54202
0.54603
0.55286
0.5651
0.56993
0.57701
0.58641
0.59343
0.60139
0.60231
0.60497
0.61095
0.61354
0.62015
0.61935
0.61511
0.61951
0.61674
0.61335
0.61281
0.61999
0.62199
0.62406
0.61733
0.61012
0.61277
0.60707
0.60712
0.6062
0.60533
0.60469
0.60429
0.59547
0.58885
0.58753
0.58405
0.57878
0.57943
0.57855
0.58176
0.5834
0.58337
0.58296
0.5839
0.58103
0.57646
0.57498
0.56947
0.5679
0.571
0.57013
0.5706
0.57223
0.57471
0.57266
0.57484
0.58125
0.59432
0.59561
0.59674
0.59764
0.59904
0.60181
0.60047
0.59964
0.595
0.59577
0.59673
0.59744
0.60322
0.60298
0.59987
0.60265
0.6063
0.61788
0.62138
0.62571
0.63559
0.64577
0.64941
0.66131
0.66888
0.67614
0.67715
0.68622
0.68887
0.69229
0.6928
0.69645
0.69922
0.70233
0.70134
0.7022
0.6983
0.69678
0.69156
0.69339
0.69492
0.69429
0.69406
0.69532
0.70432
0.69965
0.69757
0.69126
0.68369
0.68138
0.67177
0.66212
0.65895
0.65066
0.64211
0.64044
0.63715
0.63779
0.63836
0.63932
0.64104
0.6434
0.64715
0.6513
0.65442
0.66679
0.67292
0.67679
0.68215
0.68704
0.69264
0.69731
0.70569
0.71061
0.7165
0.7222
0.72351
0.72672
0.7292
0.73274
0.7348
0.73092
0.7262
0.72871
0.73219
0.72714
0.71604
0.70397
0.70151
0.69317
0.64708
0.63942
0.61322
0.59618
0.59394
0.58018
0.56305
0.55651
0.54287
0.53896
0.49542
0.49445
0.49649
0.5014
0.50404
0.50827
0.50722
0.51219
0.5168
0.51828
0.52585
0.53194
0.53322
0.53799
0.53963
0.53618
0.55508
0.57502
0.58307
0.64088
0.65189
0.65187
0.65099
0.65964
0.66547
0.70134
0.69994
0.69966
0.70041
0.70097
0.70093
0.70013
0.70189
0.69996
0.70156
0.69799
0.69102
0.69183
0.69123
0.68826
0.68881
0.68911
0.68794
0.69504
0.6926
0.69632
0.69722
0.69478
0.68702
0.68547
0.6604
0.63886
0.61038
0.5833
0.57068
0.39788
0.36946
0.35662
0.33408
0.26544
0.25713
0.24668
0.2334
0.23088
0.22429
0.17706
0.17151
0.1609
0.14968
0.14412
0.13477
0.12254
0.11837
0.10724
0.1009
0.08413
0.07846
0.07528
0.07514
0.07215
0.07065
0.0705
0.06497
0.06266
0.06558
0.0602
0.05543
0.05572
0.05552
0.05026
0.0535
0.05528
0.05905
0.06271
0.06651
0.07133
0.07456
0.07782
0.07938
0.08109
0.0805
0.08197
0.08352
0.08584
0.08368
0.08597
0.08507
0.08598
0.08705
0.08901
0.08999
0.09192
0.09396
0.09623
0.09848
0.10143
0.10281
0.10434
0.10642
0.1092
0.11041
0.11265
0.11447
0.11603
0.1168
0.12505
0.12593
0.12683
0.12798
0.12957
0.13058
0.13148
0.13251
0.13299
0.13345
0.13402
0.13418
0.13414
0.13478
0.13317
0.13311
0.13334
0.13335
0.13348
0.13362
0.13381
0.13398
0.13406
0.13442
0.13457
0.13527
0.1355
0.13619
0.13607
0.1358
0.13597
0.13617
0.13647
0.13688
0.13649
0.13728
0.13758
0.13781
0.13782
0.13768
0.13816
0.1386
0.13866
0.13914
0.13873
0.13884
0.13926
0.13863
0.13871
0.13842
0.13867
0.13932
0.13955
0.13884
0.13904
0.13874
0.13848
0.13889
0.13881
0.13899
0.13921
0.13838
0.13815
0.13788
0.136
0.13572
0.1359
0.13613
0.13631
0.13638
0.13656
0.13684
0.1365
0.13634
0.13661
0.13617
0.13714
0.13671
0.13709
0.13664
0.13682
0.13697
0.13729
0.13722
0.13735
0.1372
0.13707
0.13729
0.13728
0.13381
0.134
0.13392
0.13364
0.13376
0.13401
0.13414
0.1347
0.13511
0.1386
0.14144
0.15024
0.15567
0.15603
0.15775
0.15848
0.15931
0.16328
0.16923
0.17131
0.17808
0.18258
0.18092
0.18483
0.19049
0.18028
0.17541
0.18208
0.18212
0.17785
0.20623
0.21115
0.21678
0.22626
0.22631
0.21773
0.20691
0.20316
0.19257
0.18028
0.17556
0.15925
0.1463
0.14125
0.12578
0.11547
0.11612
0.10794
0.10708
0.1063
0.09927
0.09472
0.0955
0.09397
0.0906
0.09331
0.09995
0.1102
0.11455
0.12523
0.13515
0.13951
0.14954
0.15599
0.15954
0.16748
0.17514
0.18227
0.19192
0.20112
0.20477
0.20626
0.20871
0.2089
0.21192
0.20732
0.20753
0.20482
0.19913
0.19719
0.1898
0.18728
0.18212
0.17708
0.17055
0.16723
0.15721
0.1489
0.14414
0.12796
0.11361
0.10618
0.0904
0.0917
0.09517
0.0973
0.09989
0.10151
0.1034
0.10572
0.11153
0.11213
0.11434
0.11448
0.11311
0.11119
0.11149
0.11601
0.12365
0.12658
0.13302
0.13814
0.14286
0.14877
0.14811
0.14789
0.14637
0.14397
0.14317
0.14309
0.14399
0.14463
0.14566
0.147
0.14688
0.14726
0.14628
0.14606
0.14494
0.14348
0.14177
0.13896
0.13911
0.13859
0.13724
0.13685
0.13671
0.13683
0.13749
0.13676
0.13754
0.14045
0.14168
0.14354
0.14439
0.14577
0.15033
0.155
0.15767
0.16537
0.1788
0.17955
0.18154
0.18596
0.19337
0.19803
0.20701
0.20883
0.21696
0.22857
0.2337
0.24466
0.25835
0.26176
0.2712
0.28205
0.28761
0.29686
0.30216
0.29781
0.29403
0.29594
0.29499
0.291
0.28803
0.2842
0.28224
0.24826
0.24657
0.23935
0.20461
0.20499
0.19876
0.18073
0.18026
0.16937
0.16377
0.16047
0.15036
0.14418
0.14439
0.13795
0.13165
0.12959
0.12689
0.12674
0.12648
0.12668
0.13134
0.1322
0.14209
0.14866
0.15094
0.15696
0.15738
0.16022
0.16505
0.17164
0.17283
0.17651
0.17656
0.17906
0.17781
0.1729
0.17183
0.16627
0.16174
0.15908
0.15395
0.15059
0.1488
0.14477
0.14234
0.14204
0.1427
0.15383
0.15405
0.15508
0.15535
0.15646
0.15627
0.15544
0.15599
0.15553
0.155
0.15543
0.15573
0.1559
0.15604
0.15599
0.1559
0.15584
0.1555
0.15577
0.15503
0.15563
0.15564
0.15589
0.15561
0.15552
0.15361
0.15331
0.15299
0.15328
0.15312
0.15302
0.15357
0.15403
0.15432
0.15469
0.15508
0.15533
0.15578
0.15585
0.15584
0.15635
0.1568
0.15707
0.15714
0.15714
0.15754
0.15768
0.15791
0.15805
0.1583
0.15632
0.15613
0.15618
0.15621
0.15662
0.15658
0.15647
0.15692
0.15665
0.15667
0.15683
0.14959
0.14921
0.14913
0.14966
0.14991
0.15003
0.15023
0.15068
0.15105
0.15124
0.15137
0.15143
0.15128
0.15126
0.15113
0.15137
0.15153
0.15146
0.15169
0.15186
0.15216
0.1522
0.152
0.15221
0.15228
0.14994
0.14966
0.14927
0.14926
0.14939
0.14948
0.14931
0.14911
0.14982
0.14986
0.15002
0.15028
0.15058
0.1505
0.15073
0.15077
0.15169
0.1518
0.15196
0.15224
0.15226
0.15259
0.15277
0.15246
0.15255
0.15343
0.15365
0.15376
0.154
0.15402
0.15426
0.15466
0.15488
0.15497
0.15572
0.15608
0.15698
0.15746
0.15806
0.15967
0.16161
0.16489
0.16752
0.17356
0.17905
0.1833
0.18287
0.18577
0.18445
0.1814
0.16191
0.16354
0.1652
0.16606
0.16768
0.1697
0.16899
0.16903
0.16842
0.1692
0.17003
0.16794
0.16866
0.16804
0.1643
0.16209
0.16086
0.15762
0.15664
0.15796
0.15946
0.16434
0.1675
0.17303
0.18393
0.18488
0.19245
0.21621
0.2213
0.23427
0.24019
0.24903
0.24756
0.29119
0.29763
0.31667
0.33601
0.3377
0.34965
0.35584
0.35708
0.36202
0.35912
0.35589
0.35619
0.35386
0.35241
0.35323
0.3512
0.35098
0.33525
0.33869
0.34097
0.3396
0.33375
0.32924
0.32398
0.3169
0.31702
0.31634
0.31392
0.31274
0.31341
0.31654
0.31269
0.32171
0.32991
0.33089
0.34046
0.34585
0.34229
0.33857
0.34096
0.33822
0.34199
0.30518
0.30916
0.31116
0.31111
0.31105
0.31123
0.31395
0.31661
0.31964
0.32537
0.32902
0.33723
0.34235
0.34583
0.3594
0.37666
0.38562
0.39657
0.32938
0.32792
0.32333
0.31909
0.3173
0.27151
0.26906
0.2633
0.26469
0.26338
0.26481
0.26064
0.25797
0.25811
0.2556
0.25224
0.25443
0.25674
0.25495
0.25389
0.25436
0.25183
0.25105
0.25093
0.25223
0.25525
0.25929
0.25947
0.26051
0.26174
0.26239
0.2653
0.26515
0.26963
0.27077
0.27603
0.27683
0.27874
0.27901
0.27776
0.27747
0.27889
0.28016
0.27923
0.27872
0.279
0.27909
0.27667
0.27488
0.27499
0.27435
0.27613
0.27531
0.27216
0.27296
0.27415
0.27463
0.26548
0.26817
0.27153
0.27787
0.28054
0.28799
0.29312
0.29574
0.29961
0.304
0.30703
0.31035
0.31134
0.31503
0.31496
0.32024
0.32634
0.32981
0.33604
0.33956
0.34562
0.34981
0.35396
0.35918
0.3651
0.36391
0.36984
0.37276
0.37581
0.38215
0.38666
0.38865
0.39053
0.39098
0.39305
0.39291
0.39665
0.39904
0.40026
0.4022
0.40478
0.4053
0.40567
0.40742
0.40964
0.40888
0.41167
0.41107
0.41282
0.41561
0.41795
0.42049
0.42064
0.42015
0.42063
0.42228
0.42162
0.42324
0.42397
0.42595
0.42748
0.42897
0.42858
0.42869
0.42942
0.43015
0.43203
0.43311
0.43457
0.43556
0.43672
0.43845
0.4412
0.44269
0.44544
0.4475
0.45024
0.45679
0.45998
0.47333
0.49834
0.51899
0.57814
0.62789
0.65115
0.66396
0.67521
0.6974
0.71057
0.71349
0.71649
0.72101
0.72098
0.72101
0.72414
0.72672
0.7297
0.7332
0.73565
0.7339
0.72371
0.72232
0.71689
0.71857
0.71839
0.71741
0.71731
0.71543
0.70901
0.70891
0.70402
0.70172
0.70288
0.69978
0.69914
0.69754
0.69484
0.69208
0.69329
0.69022
0.69066
0.69183
0.69357
0.69367
0.69675
0.68781
0.69223
0.69594
0.69884
0.69981
0.70404
0.70778
0.70853
0.71228
0.71246
0.71012
0.71147
0.70878
0.7077
0.70989
0.7106
0.71192
0.71263
0.70934
0.7073
0.70745
0.705
0.70096
0.70155
0.69849
0.68805
0.68843
0.68375
0.6811
0.68242
0.6806
0.67936
0.68108
0.68304
0.68481
0.68602
0.68667
0.68726
0.68853
0.68885
0.68829
0.68923
0.68711
0.68578
0.68784
0.68886
0.68953
0.68983
0.69256
0.69569
0.67998
0.68201
0.68395
0.68756
0.69036
0.69298
0.69571
0.69879
0.70137
0.70559
0.70716
0.70654
0.70791
0.70883
0.70729
0.70784
0.70715
0.70732
0.7091
0.71027
0.71174
0.7143
0.71578
0.71679
0.71937
0.71101
0.71467
0.71554
0.71814
0.72346
0.72703
0.73081
0.73499
0.73782
0.74063
0.74351
0.74667
0.75022
0.75397
0.75739
0.76073
0.76104
0.76296
0.7651
0.76683
0.76831
0.77116
0.77386
0.77437
0.77606
0.74851
0.7515
0.75103
0.7526
0.75771
0.7605
0.76318
0.7642
0.76625
0.76764
0.76905
0.7702
0.77135
0.77296
0.77512
0.77671
0.77785
0.77987
0.78198
0.78332
0.78428
0.78573
0.78742
0.78883
0.7899
0.77182
0.77273
0.77389
0.77714
0.7805
0.78544
0.78972
0.79279
0.79636
0.8
0.80156
0.80297
0.80606
0.80866
0.81067
0.81326
0.81503
0.81688
0.81865
0.82028
0.82251
0.82566
0.82808
0.831
0.8338
0.83102
0.83418
0.83609
0.83832
0.84255
0.84427
0.84602
0.84627
0.84828
0.84947
0.85253
0.85483
0.85622
0.85737
0.85914
0.85962
0.85944
0.85873
0.85883
0.85908
0.85846
0.85851
0.85971
0.86063
0.86299
0.82501
0.82797
0.82807
0.83051
0.8344
0.83741
0.84
0.84262
0.84516
0.84755
0.84956
0.85259
0.8541
0.85651
0.85864
0.85957
0.86182
0.8633
