Time(sec), Queue Density, Dynamic Density
0.200000, 1.000000, 1.000000
0.400000, 0.089560, 0.089560
0.600000, 0.132060, 0.099080
0.800000, 0.155340, 0.101940
1.000000, 0.164610, 0.091480
1.200000, 0.170260, 0.088990
1.400000, 0.183090, 0.104270
1.600000, 0.184240, 0.075700
1.800000, 0.195130, 0.081930
2.000000, 0.203560, 0.084540
2.200000, 0.200930, 0.099280
2.400000, 0.198080, 0.097360
2.600000, 0.196150, 0.090790
2.800000, 0.195800, 0.082990
3.000000, 0.193710, 0.088800
3.200000, 0.191550, 0.081510
3.400000, 0.190880, 0.085430
3.600000, 0.190740, 0.071660
3.800000, 0.190120, 0.067030
4.000000, 0.191710, 0.065530
4.200000, 0.193300, 0.066720
4.400000, 0.194510, 0.065270
4.600000, 0.196510, 0.062250
4.800000, 0.202640, 0.066980
5.000000, 0.204660, 0.063920
5.200000, 0.205300, 0.062570
5.400000, 0.206290, 0.059650
5.600000, 0.213770, 0.066430
5.800000, 0.238710, 0.086170
6.000000, 0.266950, 0.113360
6.200000, 0.289280, 0.132400
6.400000, 0.301210, 0.156950
6.600000, 0.305200, 0.150240
6.800000, 0.303850, 0.146250
7.000000, 0.301270, 0.139710
7.200000, 0.295770, 0.129610
7.400000, 0.308800, 0.132230
7.600000, 0.324750, 0.140500
7.800000, 0.339530, 0.154610
8.000000, 0.345410, 0.165190
8.200000, 0.351020, 0.163550
8.400000, 0.355380, 0.163460
8.600000, 0.355480, 0.163080
8.800000, 0.356450, 0.164260
9.000000, 0.354520, 0.163270
9.200000, 0.351220, 0.163560
9.400000, 0.351920, 0.163130
9.600000, 0.347830, 0.158670
9.800000, 0.343040, 0.161120
10.000000, 0.336290, 0.153990
10.200000, 0.330260, 0.148670
10.400000, 0.325760, 0.144440
10.600000, 0.321780, 0.135010
10.800000, 0.317980, 0.125300
11.000000, 0.315270, 0.118810
11.200000, 0.313630, 0.112240
11.400000, 0.310110, 0.110270
11.600000, 0.306580, 0.104980
11.800000, 0.303580, 0.100070
12.000000, 0.301220, 0.096130
12.200000, 0.298400, 0.093260
12.400000, 0.296280, 0.089400
12.600000, 0.293190, 0.084570
12.800000, 0.292120, 0.078040
13.000000, 0.288150, 0.081430
13.200000, 0.287970, 0.076350
13.400000, 0.287160, 0.072290
13.600000, 0.286760, 0.068220
13.800000, 0.286160, 0.062690
14.000000, 0.286210, 0.056600
14.200000, 0.285770, 0.051370
14.400000, 0.285070, 0.046140
14.600000, 0.285030, 0.041780
14.800000, 0.286660, 0.044830
15.000000, 0.285500, 0.039810
15.200000, 0.285410, 0.038200
15.400000, 0.284360, 0.035900
15.600000, 0.284630, 0.034690
15.800000, 0.284120, 0.032870
16.000000, 0.284010, 0.027700
16.200000, 0.285780, 0.027790
16.400000, 0.288270, 0.031700
16.600000, 0.287850, 0.027750
16.800000, 0.288060, 0.026270
17.000000, 0.286010, 0.024030
17.200000, 0.286300, 0.023250
17.400000, 0.286530, 0.023380
17.600000, 0.286420, 0.022530
17.800000, 0.286750, 0.022130
18.000000, 0.287440, 0.024900
18.200000, 0.286590, 0.022110
18.400000, 0.286280, 0.020680
18.600000, 0.283750, 0.017110
18.800000, 0.282540, 0.014910
19.000000, 0.283400, 0.015560
19.200000, 0.283020, 0.016270
19.400000, 0.282110, 0.015210
19.600000, 0.281770, 0.014480
19.800000, 0.281740, 0.018030
20.000000, 0.281900, 0.017160
20.200000, 0.281730, 0.017270
20.400000, 0.282000, 0.017050
20.600000, 0.281670, 0.018980
20.800000, 0.281190, 0.022020
21.000000, 0.282860, 0.024370
21.200000, 0.283460, 0.024570
21.400000, 0.288370, 0.029750
21.600000, 0.287920, 0.028360
21.800000, 0.286790, 0.027960
22.000000, 0.286950, 0.027760
22.200000, 0.285860, 0.026180
22.400000, 0.287030, 0.025760
22.600000, 0.287750, 0.025840
22.800000, 0.292740, 0.029280
23.000000, 0.302330, 0.041740
23.200000, 0.309500, 0.048140
23.400000, 0.309070, 0.047230
23.600000, 0.309160, 0.046230
23.800000, 0.309020, 0.045160
24.000000, 0.309820, 0.044500
24.200000, 0.310210, 0.044750
24.400000, 0.310890, 0.044670
24.600000, 0.310130, 0.043270
24.800000, 0.309320, 0.043290
25.000000, 0.307440, 0.042680
25.200000, 0.305540, 0.041790
25.400000, 0.305870, 0.040440
25.600000, 0.305350, 0.040300
25.800000, 0.306090, 0.041500
26.000000, 0.309920, 0.047270
26.200000, 0.314790, 0.055590
26.400000, 0.318070, 0.063390
26.600000, 0.319830, 0.066800
26.800000, 0.322430, 0.071050
27.000000, 0.326160, 0.073720
27.200000, 0.331030, 0.080830
27.400000, 0.340830, 0.092330
27.600000, 0.354890, 0.109860
27.800000, 0.365440, 0.122490
28.000000, 0.391550, 0.153370
28.200000, 0.403640, 0.162650
28.400000, 0.420650, 0.176960
28.600000, 0.439230, 0.193390
28.800000, 0.459100, 0.209030
29.000000, 0.474880, 0.226460
29.200000, 0.487800, 0.239620
29.400000, 0.498530, 0.252190
29.600000, 0.510000, 0.264480
29.800000, 0.520110, 0.283420
30.000000, 0.528100, 0.291340
30.200000, 0.536680, 0.298700
30.400000, 0.543040, 0.304520
30.600000, 0.550270, 0.312580
30.800000, 0.557370, 0.318850
31.000000, 0.562080, 0.325370
31.200000, 0.565410, 0.327590
31.400000, 0.583420, 0.336400
31.600000, 0.584450, 0.335020
31.800000, 0.585820, 0.335050
32.000000, 0.588710, 0.335170
32.200000, 0.589320, 0.333780
32.400000, 0.590070, 0.331780
32.600000, 0.589570, 0.330350
32.800000, 0.590920, 0.328970
33.000000, 0.594820, 0.330580
33.200000, 0.594630, 0.327660
33.400000, 0.605820, 0.337240
33.600000, 0.619420, 0.347860
33.800000, 0.629170, 0.354940
34.000000, 0.637600, 0.360200
34.200000, 0.642840, 0.358280
34.400000, 0.648320, 0.358280
34.600000, 0.658400, 0.361850
34.800000, 0.665710, 0.368550
35.000000, 0.676660, 0.381780
35.200000, 0.679280, 0.385850
35.400000, 0.679170, 0.383250
35.600000, 0.676910, 0.378360
35.800000, 0.678820, 0.376090
36.000000, 0.681670, 0.373870
36.200000, 0.683150, 0.369300
36.400000, 0.697030, 0.386380
36.600000, 0.697130, 0.377770
36.800000, 0.696500, 0.372040
37.000000, 0.694230, 0.362790
37.200000, 0.693690, 0.353100
37.400000, 0.692220, 0.342660
37.600000, 0.693680, 0.336600
37.800000, 0.693860, 0.331490
38.000000, 0.693070, 0.322600
38.200000, 0.699310, 0.326370
38.400000, 0.711330, 0.331500
38.600000, 0.721810, 0.336770
38.800000, 0.733670, 0.340110
39.000000, 0.745390, 0.343900
39.200000, 0.754930, 0.345570
39.400000, 0.766020, 0.348890
39.600000, 0.778180, 0.361720
39.800000, 0.817360, 0.411850
40.000000, 0.837830, 0.437820
40.200000, 0.843420, 0.443810
40.400000, 0.849100, 0.447530
40.600000, 0.870970, 0.476520
40.800000, 0.883370, 0.490370
41.000000, 0.889530, 0.498740
41.200000, 0.893460, 0.501710
41.400000, 0.921750, 0.537670
41.600000, 0.920780, 0.532970
41.800000, 0.921040, 0.530530
42.000000, 0.923730, 0.529840
42.200000, 0.937150, 0.534190
42.400000, 0.938950, 0.531990
42.600000, 0.942730, 0.530990
42.800000, 0.944660, 0.528090
43.000000, 0.952950, 0.544250
43.200000, 0.952940, 0.538700
43.400000, 0.952630, 0.534790
43.600000, 0.953470, 0.530450
43.800000, 0.955330, 0.526330
44.000000, 0.955070, 0.522410
44.200000, 0.954760, 0.519020
44.400000, 0.955260, 0.517330
44.600000, 0.954870, 0.514660
44.800000, 0.954740, 0.512130
45.000000, 0.954810, 0.505710
45.200000, 0.956050, 0.500350
45.400000, 0.957360, 0.492760
45.600000, 0.956950, 0.484690
45.800000, 0.956570, 0.476930
46.000000, 0.955860, 0.468400
46.200000, 0.955290, 0.458510
46.400000, 0.959470, 0.458560
46.600000, 0.958640, 0.447080
46.800000, 0.958460, 0.437670
47.000000, 0.960780, 0.432280
47.200000, 0.962440, 0.427950
47.400000, 0.963570, 0.424510
47.600000, 0.964540, 0.418040
47.800000, 0.967990, 0.414410
48.000000, 0.974820, 0.437800
48.200000, 0.974620, 0.426380
48.400000, 0.974930, 0.418760
48.600000, 0.974460, 0.409830
48.800000, 0.974520, 0.405420
49.000000, 0.974780, 0.400510
49.200000, 0.975050, 0.394000
49.400000, 0.975670, 0.382610
49.600000, 0.975740, 0.374000
49.800000, 0.978320, 0.371290
50.000000, 0.979540, 0.361190
50.200000, 0.980630, 0.352490
50.400000, 0.980160, 0.336260
50.600000, 0.979980, 0.325410
50.800000, 0.980380, 0.318690
51.000000, 0.980170, 0.311300
51.200000, 0.980260, 0.304320
51.400000, 0.982130, 0.320070
51.600000, 0.982060, 0.307720
51.800000, 0.982160, 0.296680
52.000000, 0.981570, 0.283550
52.200000, 0.981060, 0.272780
52.400000, 0.980670, 0.262480
52.600000, 0.980220, 0.257870
52.800000, 0.980440, 0.256780
53.000000, 0.978750, 0.241020
53.200000, 0.979450, 0.237960
53.400000, 0.977970, 0.232240
53.600000, 0.977100, 0.229490
53.800000, 0.976500, 0.226690
54.000000, 0.976320, 0.223680
54.200000, 0.976150, 0.224020
54.400000, 0.977300, 0.226290
54.600000, 0.978480, 0.224620
54.800000, 0.979700, 0.254910
55.000000, 0.980520, 0.253810
55.200000, 0.980490, 0.252390
55.400000, 0.980600, 0.248910
55.600000, 0.981180, 0.244110
55.800000, 0.981260, 0.239360
56.000000, 0.981220, 0.235140
56.200000, 0.980870, 0.229390
56.400000, 0.980500, 0.240290
56.600000, 0.980670, 0.234770
56.800000, 0.980680, 0.227960
57.000000, 0.980450, 0.220750
57.200000, 0.980410, 0.215480
57.400000, 0.980160, 0.210420
57.600000, 0.980090, 0.204670
57.800000, 0.980350, 0.200830
58.000000, 0.981270, 0.198420
58.200000, 0.981390, 0.194230
58.400000, 0.981510, 0.189420
58.600000, 0.981730, 0.184970
58.800000, 0.980890, 0.180470
59.000000, 0.980870, 0.173990
59.200000, 0.980700, 0.166440
59.400000, 0.980900, 0.160210
59.600000, 0.981130, 0.154460
59.800000, 0.981350, 0.149970
60.000000, 0.981160, 0.144590
60.200000, 0.981410, 0.139750
60.400000, 0.980350, 0.134280
60.600000, 0.980610, 0.127580
60.800000, 0.980770, 0.120700
61.000000, 0.980630, 0.115430
61.200000, 0.980640, 0.106840
61.400000, 0.980820, 0.099240
61.600000, 0.980520, 0.093840
61.800000, 0.981030, 0.088730
62.000000, 0.981570, 0.088510
62.200000, 0.981950, 0.082520
62.400000, 0.981900, 0.078690
62.600000, 0.981780, 0.077760
62.800000, 0.981550, 0.076950
63.000000, 0.981710, 0.073450
63.200000, 0.981800, 0.069540
63.400000, 0.981400, 0.066690
63.600000, 0.981290, 0.063800
63.800000, 0.980410, 0.065420
64.000000, 0.980970, 0.061900
64.200000, 0.981140, 0.058060
64.400000, 0.981170, 0.055240
64.600000, 0.980870, 0.052520
64.800000, 0.981320, 0.052210
65.000000, 0.981170, 0.050460
65.200000, 0.980620, 0.048140
65.400000, 0.979700, 0.053260
65.600000, 0.980050, 0.051420
65.800000, 0.980310, 0.050130
66.000000, 0.980390, 0.047500
66.200000, 0.981000, 0.045380
66.400000, 0.980890, 0.045010
66.600000, 0.980620, 0.044220
66.800000, 0.980630, 0.044140
67.000000, 0.980240, 0.049970
67.200000, 0.980400, 0.047150
67.400000, 0.980760, 0.050220
67.600000, 0.980710, 0.047100
67.800000, 0.980630, 0.043760
68.000000, 0.980640, 0.041400
68.200000, 0.980400, 0.039360
68.400000, 0.980350, 0.038130
68.600000, 0.980450, 0.037850
68.800000, 0.980760, 0.036710
69.000000, 0.980550, 0.035810
69.200000, 0.979730, 0.038310
69.400000, 0.979790, 0.036020
69.600000, 0.979970, 0.034730
69.800000, 0.979740, 0.033380
70.000000, 0.979750, 0.032020
70.200000, 0.980430, 0.030750
70.400000, 0.980360, 0.030110
70.600000, 0.980420, 0.028560
70.800000, 0.980120, 0.032790
71.000000, 0.980030, 0.029210
71.200000, 0.980120, 0.027130
71.400000, 0.979780, 0.025700
71.600000, 0.980130, 0.024210
71.800000, 0.980100, 0.023270
72.000000, 0.980160, 0.022370
72.200000, 0.980220, 0.022960
72.400000, 0.980850, 0.030880
72.600000, 0.980380, 0.028920
72.800000, 0.980850, 0.028540
73.000000, 0.980790, 0.028510
73.200000, 0.980560, 0.028910
73.400000, 0.980360, 0.028260
73.600000, 0.980400, 0.027790
73.800000, 0.980030, 0.026810
74.000000, 0.980120, 0.026710
74.200000, 0.980490, 0.030250
74.400000, 0.980400, 0.027840
74.600000, 0.980080, 0.026580
74.800000, 0.980220, 0.025980
75.000000, 0.980300, 0.025400
75.200000, 0.979860, 0.027640
75.400000, 0.979560, 0.028290
75.600000, 0.979920, 0.028910
75.800000, 0.980400, 0.035690
76.000000, 0.980550, 0.032650
76.200000, 0.980750, 0.030120
76.400000, 0.980750, 0.029830
76.600000, 0.980440, 0.029590
76.800000, 0.980510, 0.029170
77.000000, 0.980630, 0.027440
77.200000, 0.980690, 0.026120
77.400000, 0.979760, 0.033500
77.600000, 0.980490, 0.032210
77.800000, 0.980520, 0.030100
78.000000, 0.980930, 0.029170
78.200000, 0.980550, 0.028110
78.400000, 0.980520, 0.026680
78.600000, 0.980270, 0.025840
78.800000, 0.980360, 0.024990
79.000000, 0.980630, 0.025450
79.200000, 0.980680, 0.028350
79.400000, 0.980940, 0.025510
79.600000, 0.980880, 0.024550
79.800000, 0.981270, 0.023380
80.000000, 0.981170, 0.020630
80.200000, 0.981010, 0.019490
80.400000, 0.981120, 0.018580
80.600000, 0.980760, 0.018470
80.800000, 0.981260, 0.022450
81.000000, 0.981120, 0.020950
81.200000, 0.981270, 0.019830
81.400000, 0.980870, 0.019420
81.600000, 0.980520, 0.019010
81.800000, 0.980530, 0.019760
82.000000, 0.980610, 0.020790
82.200000, 0.980440, 0.022960
82.400000, 0.981820, 0.029050
82.600000, 0.981170, 0.027210
82.800000, 0.980860, 0.027220
83.000000, 0.980530, 0.027820
83.200000, 0.980930, 0.026260
83.400000, 0.980970, 0.025510
83.600000, 0.980680, 0.024140
83.800000, 0.980450, 0.023640
84.000000, 0.980410, 0.023610
84.200000, 0.979550, 0.026750
84.400000, 0.979540, 0.024440
84.600000, 0.979630, 0.023950
84.800000, 0.979640, 0.023880
85.000000, 0.979970, 0.023630
85.200000, 0.980540, 0.023900
85.400000, 0.980840, 0.022790
85.600000, 0.980650, 0.021870
85.800000, 0.981100, 0.026560
86.000000, 0.981170, 0.026060
86.200000, 0.980740, 0.026750
86.400000, 0.980910, 0.026990
86.600000, 0.980960, 0.025100
86.800000, 0.981190, 0.022800
87.000000, 0.981030, 0.021490
87.200000, 0.981120, 0.020880
87.400000, 0.980800, 0.023540
87.600000, 0.981000, 0.019870
87.800000, 0.981740, 0.017500
88.000000, 0.981520, 0.017730
88.200000, 0.980910, 0.017000
88.400000, 0.981170, 0.016220
88.600000, 0.981200, 0.015000
88.800000, 0.981230, 0.013860
89.000000, 0.981360, 0.012470
89.200000, 0.980170, 0.017690
89.400000, 0.980410, 0.016790
89.600000, 0.980650, 0.017290
89.800000, 0.980080, 0.019030
90.000000, 0.980230, 0.022160
90.200000, 0.980170, 0.024900
90.400000, 0.980000, 0.028420
90.600000, 0.980120, 0.031450
90.800000, 0.980420, 0.040170
91.000000, 0.980730, 0.038660
91.200000, 0.980390, 0.038430
91.400000, 0.980490, 0.039010
91.600000, 0.980630, 0.039170
91.800000, 0.980470, 0.039340
92.000000, 0.980240, 0.039390
92.200000, 0.980290, 0.039080
92.400000, 0.981650, 0.045040
92.600000, 0.981530, 0.042560
92.800000, 0.981510, 0.041130
93.000000, 0.981430, 0.039990
93.200000, 0.981860, 0.039130
93.400000, 0.981710, 0.039010
93.600000, 0.981780, 0.039150
93.800000, 0.981600, 0.039090
94.000000, 0.981380, 0.039930
94.200000, 0.980350, 0.044420
94.400000, 0.980340, 0.045430
94.600000, 0.980720, 0.047810
94.800000, 0.980820, 0.051160
95.000000, 0.980770, 0.057920
95.200000, 0.980280, 0.073960
95.400000, 0.980980, 0.088040
95.600000, 0.981230, 0.102650
95.800000, 0.981280, 0.123720
96.000000, 0.981130, 0.141770
96.200000, 0.980800, 0.162560
96.400000, 0.980690, 0.189430
96.600000, 0.981760, 0.218590
96.800000, 0.981180, 0.242990
97.000000, 0.980290, 0.267440
97.200000, 0.981140, 0.287440
97.400000, 0.982510, 0.314510
97.600000, 0.982150, 0.328750
97.800000, 0.983870, 0.362600
98.000000, 0.984380, 0.401840
98.200000, 0.984300, 0.441720
98.400000, 0.983250, 0.470030
98.600000, 0.981460, 0.487790
98.800000, 0.980280, 0.503710
99.000000, 0.980910, 0.529570
99.200000, 0.982510, 0.548090
99.400000, 0.981910, 0.555260
99.600000, 0.982920, 0.586710
99.800000, 0.983610, 0.616630
100.000000, 0.982010, 0.633270
100.200000, 0.979470, 0.644940
100.400000, 0.979240, 0.653850
100.600000, 0.977860, 0.658770
100.800000, 0.979060, 0.671560
101.000000, 0.978800, 0.684730
101.200000, 0.978320, 0.689800
101.400000, 0.978860, 0.698410
101.600000, 0.979540, 0.704480
101.800000, 0.982020, 0.708130
102.000000, 0.983790, 0.719460
102.200000, 0.985590, 0.725350
102.400000, 0.986030, 0.724920
102.600000, 0.986360, 0.714870
102.800000, 0.984960, 0.720890
103.000000, 0.985620, 0.731160
103.200000, 0.985950, 0.726120
103.400000, 0.984490, 0.726770
103.600000, 0.985270, 0.730940
103.800000, 0.982180, 0.734810
104.000000, 0.976100, 0.731540
104.200000, 0.979480, 0.731470
104.400000, 0.981540, 0.726180
104.600000, 0.981940, 0.722720
104.800000, 0.980030, 0.732480
105.000000, 0.981220, 0.734200
105.200000, 0.980620, 0.729380
105.400000, 0.984190, 0.730210
105.600000, 0.983320, 0.722780
105.800000, 0.981990, 0.705550
106.000000, 0.982200, 0.693620
106.200000, 0.980560, 0.690030
106.400000, 0.979990, 0.684200
106.600000, 0.980610, 0.685700
106.800000, 0.980430, 0.716420
107.000000, 0.975740, 0.753110
107.200000, 0.976720, 0.749820
107.400000, 0.979050, 0.736170
107.600000, 0.980450, 0.747400
107.800000, 0.980580, 0.747540
108.000000, 0.980860, 0.733530
108.200000, 0.983690, 0.738710
108.400000, 0.985340, 0.746500
108.600000, 0.985480, 0.749970
108.800000, 0.986020, 0.737210
109.000000, 0.986150, 0.716060
109.200000, 0.986090, 0.690010
109.400000, 0.984900, 0.681230
109.600000, 0.985820, 0.675310
109.800000, 0.985880, 0.659400
110.000000, 0.984060, 0.652970
110.200000, 0.982270, 0.653730
110.400000, 0.980390, 0.653650
110.600000, 0.980580, 0.638000
110.800000, 0.979370, 0.634650
111.000000, 0.981250, 0.639620
111.200000, 0.981600, 0.642420
111.400000, 0.981300, 0.636920
111.600000, 0.982840, 0.611480
111.800000, 0.982690, 0.598210
112.000000, 0.980880, 0.603310
112.200000, 0.979730, 0.611840
112.400000, 0.973780, 0.598770
112.600000, 0.973590, 0.591920
112.800000, 0.972270, 0.583700
113.000000, 0.974540, 0.589180
113.200000, 0.976680, 0.617200
113.400000, 0.974610, 0.629330
113.600000, 0.972060, 0.621860
113.800000, 0.972740, 0.608840
114.000000, 0.970640, 0.605470
114.200000, 0.970980, 0.599440
114.400000, 0.968740, 0.595670
114.600000, 0.966800, 0.597730
114.800000, 0.965000, 0.591830
115.000000, 0.963310, 0.582260
115.200000, 0.959030, 0.583090
115.400000, 0.952990, 0.576370
115.600000, 0.948440, 0.580670
115.800000, 0.954730, 0.582460
116.000000, 0.951890, 0.576860
116.200000, 0.912760, 0.553290
116.400000, 0.842240, 0.545680
116.600000, 0.738170, 0.516700
116.800000, 0.716430, 0.506870
117.000000, 0.677040, 0.478550
117.200000, 0.664110, 0.486260
117.400000, 0.658170, 0.485700
117.600000, 0.648210, 0.474250
117.800000, 0.663420, 0.479290
118.000000, 0.672020, 0.496940
118.200000, 0.692640, 0.512850
118.400000, 0.712410, 0.521320
118.600000, 0.720220, 0.535080
118.800000, 0.717080, 0.534610
119.000000, 0.699380, 0.515320
119.200000, 0.674000, 0.497450
119.400000, 0.635000, 0.479140
119.600000, 0.604010, 0.455370
119.800000, 0.583820, 0.432930
120.000000, 0.581690, 0.428900
120.200000, 0.585050, 0.427880
120.400000, 0.584820, 0.435280
120.600000, 0.586800, 0.455600
120.800000, 0.572100, 0.429050
121.000000, 0.558530, 0.412280
121.200000, 0.539310, 0.406780
121.400000, 0.535940, 0.403650
121.600000, 0.548010, 0.396350
121.800000, 0.558730, 0.395590
122.000000, 0.557850, 0.388720
122.200000, 0.548260, 0.372830
122.400000, 0.517250, 0.340980
122.600000, 0.511160, 0.328000
122.800000, 0.497880, 0.310080
123.000000, 0.477550, 0.300580
123.200000, 0.459540, 0.289030
123.400000, 0.444770, 0.280170
123.600000, 0.425180, 0.267040
123.800000, 0.422250, 0.269160
124.000000, 0.427790, 0.276130
124.200000, 0.407690, 0.272180
124.400000, 0.387200, 0.256750
124.600000, 0.400840, 0.282730
124.800000, 0.416410, 0.312740
125.000000, 0.429750, 0.329430
125.200000, 0.424730, 0.328910
125.400000, 0.428020, 0.336360
125.600000, 0.405170, 0.314990
125.800000, 0.414070, 0.295690
126.000000, 0.446050, 0.291280
126.200000, 0.473780, 0.308220
126.400000, 0.498550, 0.322650
126.600000, 0.512810, 0.328110
126.800000, 0.596960, 0.354690
127.000000, 0.665990, 0.405400
127.200000, 0.723310, 0.427670
127.400000, 0.737540, 0.430730
127.600000, 0.723910, 0.426760
127.800000, 0.692740, 0.415420
128.000000, 0.670450, 0.405250
128.200000, 0.649430, 0.402380
128.400000, 0.553690, 0.361560
128.600000, 0.521760, 0.356610
128.800000, 0.489910, 0.347650
129.000000, 0.421560, 0.310650
129.200000, 0.398380, 0.286790
129.400000, 0.375420, 0.267110
129.600000, 0.367920, 0.262010
129.800000, 0.348490, 0.245120
130.000000, 0.326790, 0.224050
130.200000, 0.311880, 0.196680
130.400000, 0.294510, 0.172590
130.600000, 0.280500, 0.151960
130.800000, 0.248070, 0.124470
131.000000, 0.229980, 0.108930
131.200000, 0.207420, 0.093760
131.400000, 0.192780, 0.076890
131.600000, 0.166480, 0.061580
131.800000, 0.145780, 0.054410
132.000000, 0.131740, 0.051230
132.200000, 0.121800, 0.048730
132.400000, 0.117380, 0.048100
132.600000, 0.116920, 0.046670
132.800000, 0.117450, 0.046090
133.000000, 0.118410, 0.046070
133.200000, 0.120270, 0.045350
133.400000, 0.127800, 0.049140
133.600000, 0.157520, 0.068890
133.800000, 0.204850, 0.102350
134.000000, 0.265580, 0.138840
134.200000, 0.337530, 0.179950
134.400000, 0.416250, 0.227750
134.600000, 0.514190, 0.290960
134.800000, 0.572450, 0.332480
135.000000, 0.623700, 0.357400
135.200000, 0.668140, 0.368830
135.400000, 0.710150, 0.389490
135.600000, 0.725080, 0.399250
135.800000, 0.761290, 0.397550
136.000000, 0.641630, 0.359170
136.200000, 0.536280, 0.303480
136.400000, 0.455370, 0.282020
136.600000, 0.415780, 0.275800
136.800000, 0.367730, 0.250480
137.000000, 0.317490, 0.209390
137.200000, 0.303820, 0.183380
137.400000, 0.292260, 0.159280
137.600000, 0.287430, 0.145420
137.800000, 0.275540, 0.123950
138.000000, 0.256390, 0.105500
138.200000, 0.229110, 0.086870
138.400000, 0.204060, 0.071690
138.600000, 0.166790, 0.061020
138.800000, 0.141290, 0.049760
139.000000, 0.131100, 0.044910
139.200000, 0.133430, 0.042580
139.400000, 0.133390, 0.040480
139.600000, 0.134100, 0.038820
139.800000, 0.135050, 0.038730
140.000000, 0.135810, 0.037800
140.200000, 0.141840, 0.041930
140.400000, 0.158770, 0.050300
140.600000, 0.180870, 0.063670
140.800000, 0.217780, 0.081610
141.000000, 0.253840, 0.102220
141.200000, 0.325310, 0.126770
141.400000, 0.506370, 0.174930
141.600000, 0.738250, 0.244230
141.800000, 0.852130, 0.280600
142.000000, 0.915390, 0.310190
142.200000, 0.933650, 0.310910
142.400000, 0.954740, 0.333920
142.600000, 0.957020, 0.350690
142.800000, 0.957940, 0.361270
143.000000, 0.956380, 0.364030
143.200000, 0.954890, 0.364390
143.400000, 0.954530, 0.361880
143.600000, 0.926860, 0.377580
143.800000, 0.792590, 0.382010
144.000000, 0.665800, 0.368930
144.200000, 0.560240, 0.347280
144.400000, 0.539640, 0.338530
144.600000, 0.524970, 0.327350
144.800000, 0.495280, 0.309190
145.000000, 0.460110, 0.280380
145.200000, 0.348640, 0.199550
145.400000, 0.290160, 0.142430
145.600000, 0.275340, 0.131420
145.800000, 0.251790, 0.108400
146.000000, 0.241190, 0.091370
146.200000, 0.220320, 0.073430
146.400000, 0.194080, 0.056850
146.600000, 0.167120, 0.046150
146.800000, 0.148560, 0.034670
147.000000, 0.134460, 0.028600
147.200000, 0.125120, 0.024340
147.400000, 0.122530, 0.021020
147.600000, 0.125510, 0.016820
147.800000, 0.127310, 0.015620
148.000000, 0.127560, 0.014950
148.200000, 0.128480, 0.015440
148.400000, 0.129410, 0.015840
148.600000, 0.132110, 0.016350
148.800000, 0.133360, 0.015140
149.000000, 0.135510, 0.015780
149.200000, 0.135480, 0.016030
149.400000, 0.136960, 0.016690
149.600000, 0.135600, 0.016050
149.800000, 0.137290, 0.017450
150.000000, 0.136600, 0.017620
150.200000, 0.138890, 0.018840
150.400000, 0.140350, 0.019770
150.600000, 0.142250, 0.020240
150.800000, 0.138950, 0.019320
151.000000, 0.140310, 0.018690
151.200000, 0.148430, 0.023820
151.400000, 0.171760, 0.033370
151.600000, 0.199930, 0.050500
151.800000, 0.227500, 0.066550
152.000000, 0.242460, 0.081440
152.200000, 0.252110, 0.093620
152.400000, 0.265250, 0.105050
152.600000, 0.269170, 0.111050
152.800000, 0.265310, 0.114270
153.000000, 0.250080, 0.104100
153.200000, 0.231560, 0.105230
153.400000, 0.226360, 0.105890
153.600000, 0.208670, 0.104430
153.800000, 0.197530, 0.096020
154.000000, 0.202520, 0.097330
154.200000, 0.219400, 0.095440
154.400000, 0.216500, 0.087560
154.600000, 0.204340, 0.076410
154.800000, 0.186120, 0.066340
155.000000, 0.184080, 0.057670
155.200000, 0.174850, 0.051520
155.400000, 0.161410, 0.048390
155.600000, 0.138880, 0.039820
155.800000, 0.129700, 0.032170
156.000000, 0.128050, 0.031000
156.200000, 0.136490, 0.028200
156.400000, 0.140850, 0.024490
156.600000, 0.137380, 0.021380
156.800000, 0.149070, 0.023500
157.000000, 0.149300, 0.020870
157.200000, 0.145110, 0.018030
157.400000, 0.146240, 0.016070
157.600000, 0.141140, 0.015170
157.800000, 0.137660, 0.014120
158.000000, 0.134040, 0.014060
158.200000, 0.133720, 0.016500
158.400000, 0.137260, 0.016420
158.600000, 0.139450, 0.016770
158.800000, 0.135480, 0.013890
159.000000, 0.158510, 0.036340
159.200000, 0.200550, 0.062250
159.400000, 0.227360, 0.074410
159.600000, 0.235340, 0.082230
159.800000, 0.264060, 0.109070
160.000000, 0.253580, 0.126200
160.200000, 0.239680, 0.132730
160.400000, 0.212930, 0.131120
160.600000, 0.191660, 0.127040
160.800000, 0.188890, 0.093110
161.000000, 0.177100, 0.060750
161.200000, 0.161440, 0.050050
161.400000, 0.139270, 0.037400
161.600000, 0.122550, 0.023460
161.800000, 0.107760, 0.014470
162.000000, 0.109160, 0.007140
162.200000, 0.130800, 0.017460
162.400000, 0.177260, 0.049640
162.600000, 0.192870, 0.051580
162.800000, 0.196980, 0.060300
163.000000, 0.192270, 0.051840
163.200000, 0.172700, 0.053740
163.400000, 0.155310, 0.052460
163.600000, 0.139000, 0.051420
163.800000, 0.143850, 0.042690
164.000000, 0.160780, 0.051220
164.200000, 0.171550, 0.054870
164.400000, 0.164330, 0.044450
164.600000, 0.154230, 0.034280
164.800000, 0.144350, 0.024390
165.000000, 0.132590, 0.017050
165.200000, 0.139130, 0.024670
165.400000, 0.145410, 0.024530
165.600000, 0.151760, 0.025500
165.800000, 0.159100, 0.025820
166.000000, 0.157620, 0.025190
166.200000, 0.156480, 0.026440
166.400000, 0.153340, 0.024260
166.600000, 0.151620, 0.027720
166.800000, 0.151590, 0.027690
167.000000, 0.152300, 0.027250
167.200000, 0.156670, 0.031320
167.400000, 0.179270, 0.048160
167.600000, 0.211900, 0.066400
167.800000, 0.215810, 0.075370
168.000000, 0.219770, 0.087060
168.200000, 0.238060, 0.096880
168.400000, 0.241240, 0.106430
168.600000, 0.228290, 0.116610
168.800000, 0.216340, 0.110320
169.000000, 0.197210, 0.105420
169.200000, 0.181810, 0.093880
169.400000, 0.179390, 0.081490
169.600000, 0.184780, 0.073920
169.800000, 0.195770, 0.070850
170.000000, 0.191870, 0.069540
170.200000, 0.178680, 0.062290
170.400000, 0.166070, 0.055010
170.600000, 0.149140, 0.042700
170.800000, 0.143770, 0.031450
171.000000, 0.130270, 0.019770
171.200000, 0.132850, 0.011530
171.400000, 0.133980, 0.007850
171.600000, 0.133050, 0.007040
171.800000, 0.133250, 0.007120
172.000000, 0.134040, 0.006990
172.200000, 0.134070, 0.006880
172.400000, 0.133000, 0.007010
172.600000, 0.132000, 0.006790
172.800000, 0.133150, 0.006870
173.000000, 0.133860, 0.006910
173.200000, 0.133920, 0.006840
173.400000, 0.134520, 0.006610
173.600000, 0.134650, 0.006640
173.800000, 0.135340, 0.006840
174.000000, 0.135370, 0.006790
174.200000, 0.137160, 0.006740
174.400000, 0.137540, 0.006630
174.600000, 0.137790, 0.006330
174.800000, 0.137600, 0.006390
175.000000, 0.144500, 0.012340
175.200000, 0.172340, 0.035640
175.400000, 0.200960, 0.052850
175.600000, 0.208850, 0.062870
175.800000, 0.212530, 0.071790
176.000000, 0.238230, 0.098140
176.200000, 0.274110, 0.125640
176.400000, 0.320470, 0.155200
176.600000, 0.352340, 0.195640
176.800000, 0.379060, 0.214720
177.000000, 0.370780, 0.223980
177.200000, 0.386000, 0.220610
177.400000, 0.399150, 0.238420
177.600000, 0.383120, 0.228850
177.800000, 0.366880, 0.223640
178.000000, 0.361210, 0.209590
178.200000, 0.352340, 0.218430
178.400000, 0.344150, 0.206280
178.600000, 0.337680, 0.183900
178.800000, 0.312550, 0.156920
179.000000, 0.305920, 0.143000
179.200000, 0.280820, 0.138120
179.400000, 0.289220, 0.126160
179.600000, 0.278500, 0.115770
179.800000, 0.266420, 0.104300
180.000000, 0.252790, 0.091980
180.200000, 0.236040, 0.079230
180.400000, 0.226740, 0.067650
180.600000, 0.218420, 0.059480
180.800000, 0.212720, 0.055860
181.000000, 0.207030, 0.051540
181.200000, 0.201770, 0.053860
181.400000, 0.191630, 0.056150
181.600000, 0.191880, 0.058670
181.800000, 0.196690, 0.062810
182.000000, 0.214790, 0.078800
182.200000, 0.235980, 0.097350
182.400000, 0.253960, 0.106470
182.600000, 0.262200, 0.111300
182.800000, 0.263530, 0.112670
183.000000, 0.265880, 0.113720
183.200000, 0.266650, 0.115850
183.400000, 0.272820, 0.121250
183.600000, 0.274310, 0.122050
183.800000, 0.275120, 0.122420
184.000000, 0.272030, 0.122450
184.200000, 0.280370, 0.125550
184.400000, 0.278500, 0.127620
184.600000, 0.277270, 0.127960
184.800000, 0.276650, 0.128650
185.000000, 0.273610, 0.128040
185.200000, 0.271930, 0.132060
185.400000, 0.269620, 0.134430
185.600000, 0.264750, 0.133800
185.800000, 0.255800, 0.132580
186.000000, 0.251600, 0.131400
186.200000, 0.248430, 0.131140
186.400000, 0.243760, 0.129970
186.600000, 0.239230, 0.126320
186.800000, 0.237150, 0.124630
187.000000, 0.233280, 0.121190
187.200000, 0.232150, 0.119860
187.400000, 0.227920, 0.117090
187.600000, 0.227120, 0.117140
187.800000, 0.227800, 0.116840
188.000000, 0.229010, 0.116140
188.200000, 0.230750, 0.117020
188.400000, 0.231850, 0.116110
188.600000, 0.231500, 0.114830
188.800000, 0.231290, 0.114960
189.000000, 0.232240, 0.115640
189.200000, 0.235590, 0.115400
189.400000, 0.234760, 0.113200
189.600000, 0.233880, 0.110830
189.800000, 0.234470, 0.110290
190.000000, 0.233560, 0.108870
190.200000, 0.234250, 0.107450
190.400000, 0.234820, 0.106880
190.600000, 0.235540, 0.105960
190.800000, 0.234240, 0.103470
191.000000, 0.235700, 0.103020
191.200000, 0.237100, 0.103520
191.400000, 0.237010, 0.102880
191.600000, 0.238380, 0.101580
191.800000, 0.237240, 0.098310
192.000000, 0.241150, 0.099080
192.200000, 0.250150, 0.104440
192.400000, 0.249620, 0.109120
192.600000, 0.250750, 0.110970
192.800000, 0.249110, 0.108710
193.000000, 0.247700, 0.103800
193.200000, 0.246590, 0.101280
193.400000, 0.247180, 0.097720
193.600000, 0.246020, 0.092720
193.800000, 0.246860, 0.090020
194.000000, 0.247500, 0.089270
194.200000, 0.244450, 0.084720
194.400000, 0.244340, 0.082200
194.600000, 0.243370, 0.078230
194.800000, 0.244090, 0.077030
195.000000, 0.244850, 0.075040
195.200000, 0.246310, 0.073030
195.400000, 0.247850, 0.074380
195.600000, 0.250060, 0.074220
195.800000, 0.257570, 0.074300
196.000000, 0.257640, 0.073270
196.200000, 0.258480, 0.073540
196.400000, 0.260940, 0.072630
196.600000, 0.266300, 0.076290
196.800000, 0.273220, 0.078260
197.000000, 0.282630, 0.079750
197.200000, 0.294380, 0.086610
197.400000, 0.316550, 0.102360
197.600000, 0.339370, 0.113650
197.800000, 0.366860, 0.125250
198.000000, 0.437760, 0.151770
198.200000, 0.526280, 0.174680
198.400000, 0.676800, 0.213650
198.600000, 0.743920, 0.235850
198.800000, 0.781530, 0.258620
199.000000, 0.866980, 0.311060
199.200000, 0.946740, 0.378880
199.400000, 0.951540, 0.401200
199.600000, 0.957510, 0.427900
199.800000, 0.960580, 0.443440
200.000000, 0.966480, 0.462810
200.200000, 0.970340, 0.466290
200.400000, 0.971470, 0.462960
200.600000, 0.972860, 0.461910
200.800000, 0.977330, 0.467980
201.000000, 0.977470, 0.466010
201.200000, 0.977060, 0.465240
201.400000, 0.976950, 0.469430
201.600000, 0.977270, 0.475910
201.800000, 0.976940, 0.477000
202.000000, 0.975860, 0.481420
202.200000, 0.976480, 0.484170
202.400000, 0.975810, 0.480460
202.600000, 0.976200, 0.483580
202.800000, 0.976240, 0.478000
203.000000, 0.975300, 0.474500
203.200000, 0.973950, 0.468180
203.400000, 0.973620, 0.459260
203.600000, 0.974020, 0.450420
203.800000, 0.974090, 0.453640
204.000000, 0.973840, 0.466410
204.200000, 0.971940, 0.473750
204.400000, 0.969560, 0.476420
204.600000, 0.969120, 0.479300
204.800000, 0.969600, 0.469520
205.000000, 0.970330, 0.462610
205.200000, 0.969610, 0.458790
205.400000, 0.969390, 0.457460
205.600000, 0.969020, 0.450840
205.800000, 0.967060, 0.437910
206.000000, 0.966720, 0.435170
206.200000, 0.966120, 0.434820
206.400000, 0.965770, 0.434130
206.600000, 0.965340, 0.431250
206.800000, 0.965020, 0.428700
207.000000, 0.967150, 0.420110
207.200000, 0.966390, 0.414040
207.400000, 0.965520, 0.403870
207.600000, 0.964940, 0.395840
207.800000, 0.963450, 0.386940
208.000000, 0.962420, 0.379690
208.200000, 0.961800, 0.372070
208.400000, 0.960300, 0.366340
208.600000, 0.958490, 0.361510
208.800000, 0.958170, 0.358960
209.000000, 0.956420, 0.356930
209.200000, 0.954560, 0.350020
209.400000, 0.952590, 0.346320
209.600000, 0.950030, 0.343920
209.800000, 0.948350, 0.338200
210.000000, 0.947510, 0.332990
210.200000, 0.947910, 0.330980
210.400000, 0.947170, 0.327920
210.600000, 0.946750, 0.324370
210.800000, 0.946220, 0.321900
211.000000, 0.946190, 0.316570
211.200000, 0.946650, 0.313560
211.400000, 0.946320, 0.308350
211.600000, 0.945820, 0.303710
211.800000, 0.945440, 0.298570
212.000000, 0.944320, 0.296410
212.200000, 0.943240, 0.295760
212.400000, 0.942800, 0.297570
212.600000, 0.942340, 0.297030
212.800000, 0.942660, 0.297880
213.000000, 0.942330, 0.297870
213.200000, 0.942460, 0.294260
213.400000, 0.942240, 0.290770
213.600000, 0.942800, 0.286060
213.800000, 0.942570, 0.282550
214.000000, 0.942580, 0.278820
214.200000, 0.941990, 0.277150
214.400000, 0.942450, 0.272120
214.600000, 0.942520, 0.268170
214.800000, 0.942560, 0.265370
215.000000, 0.942580, 0.262700
215.200000, 0.942280, 0.258140
215.400000, 0.942030, 0.253900
215.600000, 0.942110, 0.248740
215.800000, 0.941330, 0.245080
216.000000, 0.941220, 0.239140
216.200000, 0.941540, 0.233550
216.400000, 0.941810, 0.228090
216.600000, 0.941850, 0.221940
216.800000, 0.941640, 0.216320
217.000000, 0.941550, 0.210760
217.200000, 0.941630, 0.206070
217.400000, 0.941350, 0.206690
217.600000, 0.941400, 0.200850
217.800000, 0.941930, 0.193670
218.000000, 0.941820, 0.187630
218.200000, 0.941970, 0.182220
218.400000, 0.941890, 0.177890
218.600000, 0.940760, 0.172260
218.800000, 0.941130, 0.167670
219.000000, 0.941140, 0.163400
219.200000, 0.940450, 0.159740
219.400000, 0.940420, 0.154920
219.600000, 0.940610, 0.152420
219.800000, 0.940540, 0.147780
220.000000, 0.940890, 0.143990
220.200000, 0.940560, 0.140310
220.400000, 0.940390, 0.138190
220.600000, 0.940440, 0.136090
220.800000, 0.940510, 0.136860
221.000000, 0.940470, 0.133290
221.200000, 0.940350, 0.130140
221.400000, 0.940030, 0.128670
221.600000, 0.939890, 0.125230
221.800000, 0.940040, 0.122940
222.000000, 0.939930, 0.120380
222.200000, 0.940280, 0.118550
222.400000, 0.941170, 0.115470
222.600000, 0.941250, 0.112040
222.800000, 0.941160, 0.108490
223.000000, 0.940450, 0.104880
223.200000, 0.939690, 0.099410
223.400000, 0.939170, 0.093750
223.600000, 0.939620, 0.089430
223.800000, 0.939820, 0.084670
224.000000, 0.939940, 0.080460
224.200000, 0.941940, 0.079840
224.400000, 0.941980, 0.076840
224.600000, 0.941500, 0.070760
224.800000, 0.941750, 0.064750
225.000000, 0.941960, 0.060120
225.200000, 0.942040, 0.056770
225.400000, 0.942100, 0.054590
225.600000, 0.941820, 0.052000
225.800000, 0.941390, 0.053070
226.000000, 0.941290, 0.050350
226.200000, 0.941430, 0.049120
226.400000, 0.941570, 0.047170
226.600000, 0.941280, 0.045740
226.800000, 0.941850, 0.045480
227.000000, 0.941610, 0.045690
227.200000, 0.941550, 0.045690
227.400000, 0.940400, 0.047830
227.600000, 0.940420, 0.046500
227.800000, 0.940680, 0.045590
228.000000, 0.940620, 0.044920
228.200000, 0.940360, 0.043750
228.400000, 0.940350, 0.042790
228.600000, 0.940460, 0.042070
228.800000, 0.940550, 0.041180
229.000000, 0.941560, 0.040500
229.200000, 0.942600, 0.043830
229.400000, 0.942800, 0.042610
229.600000, 0.942440, 0.041370
229.800000, 0.942700, 0.040240
230.000000, 0.942420, 0.039560
230.200000, 0.943090, 0.039020
230.400000, 0.942770, 0.038590
230.600000, 0.942900, 0.038010
230.800000, 0.943470, 0.039880
231.000000, 0.943510, 0.039390
231.200000, 0.943200, 0.038550
231.400000, 0.943550, 0.036290
231.600000, 0.943430, 0.033270
231.800000, 0.943700, 0.032030
232.000000, 0.943660, 0.031320
232.200000, 0.943540, 0.030810
232.400000, 0.944450, 0.032730
232.600000, 0.944450, 0.030480
232.800000, 0.944650, 0.029490
233.000000, 0.944630, 0.028360
233.200000, 0.943850, 0.027880
233.400000, 0.944180, 0.027250
233.600000, 0.944130, 0.027000
233.800000, 0.943920, 0.026620
234.000000, 0.944100, 0.025780
234.200000, 0.944560, 0.026110
234.400000, 0.944890, 0.024740
234.600000, 0.944630, 0.024180
234.800000, 0.944600, 0.023760
235.000000, 0.944730, 0.022890
235.200000, 0.944670, 0.022460
235.400000, 0.944690, 0.022100
235.600000, 0.944100, 0.021910
235.800000, 0.944490, 0.022340
236.000000, 0.944500, 0.021090
236.200000, 0.944600, 0.020940
236.400000, 0.944440, 0.021870
236.600000, 0.943840, 0.023080
236.800000, 0.943810, 0.023700
237.000000, 0.943300, 0.023420
237.200000, 0.943120, 0.023740
237.400000, 0.943360, 0.024300
237.600000, 0.943430, 0.022870
237.800000, 0.943170, 0.021940
238.000000, 0.943670, 0.022010
238.200000, 0.943970, 0.020990
238.400000, 0.943400, 0.020260
238.600000, 0.943830, 0.020640
238.800000, 0.943640, 0.021380
239.000000, 0.943680, 0.021700
239.200000, 0.943820, 0.022220
239.400000, 0.943380, 0.021790
239.600000, 0.943550, 0.021190
239.800000, 0.943340, 0.020740
240.000000, 0.943150, 0.018420
240.200000, 0.943040, 0.016560
240.400000, 0.943530, 0.016580
240.600000, 0.943820, 0.017560
240.800000, 0.943560, 0.018850
241.000000, 0.943110, 0.020130
241.200000, 0.942980, 0.022480
241.400000, 0.941900, 0.027440
241.600000, 0.941980, 0.026650
241.800000, 0.941720, 0.024820
242.000000, 0.941560, 0.024570
242.200000, 0.941380, 0.024230
242.400000, 0.941690, 0.024700
242.600000, 0.941330, 0.024460
242.800000, 0.941120, 0.023980
243.000000, 0.942880, 0.025140
243.200000, 0.943130, 0.023790
243.400000, 0.942310, 0.023660
243.600000, 0.942550, 0.024020
243.800000, 0.942650, 0.023090
244.000000, 0.942540, 0.023120
244.200000, 0.942250, 0.022670
244.400000, 0.941830, 0.022390
244.600000, 0.941990, 0.022380
244.800000, 0.942490, 0.023960
245.000000, 0.942290, 0.024280
245.200000, 0.942370, 0.024930
245.400000, 0.942660, 0.026120
245.600000, 0.942860, 0.028050
245.800000, 0.942250, 0.027360
246.000000, 0.941920, 0.027170
246.200000, 0.941880, 0.026040
246.400000, 0.942500, 0.025190
246.600000, 0.942480, 0.034730
246.800000, 0.942660, 0.042370
247.000000, 0.942900, 0.049040
247.200000, 0.942790, 0.050340
247.400000, 0.943070, 0.052050
247.600000, 0.943440, 0.054910
247.800000, 0.943890, 0.056100
248.000000, 0.944450, 0.057800
248.200000, 0.945120, 0.057750
248.400000, 0.945420, 0.057520
248.600000, 0.945210, 0.058110
248.800000, 0.944600, 0.058570
249.000000, 0.945090, 0.058700
249.200000, 0.944880, 0.059900
249.400000, 0.944490, 0.060390
249.600000, 0.944600, 0.060210
249.800000, 0.946640, 0.061370
250.000000, 0.946310, 0.061250
250.200000, 0.946210, 0.059550
250.400000, 0.945750, 0.058160
250.600000, 0.945680, 0.056810
250.800000, 0.945190, 0.056510
251.000000, 0.944880, 0.056070
251.200000, 0.943660, 0.058200
251.400000, 0.943510, 0.063020
251.600000, 0.944310, 0.062860
251.800000, 0.944700, 0.065290
252.000000, 0.944690, 0.067380
252.200000, 0.944980, 0.067580
252.400000, 0.945060, 0.068320
252.600000, 0.944930, 0.069720
252.800000, 0.944690, 0.073450
253.000000, 0.944940, 0.081520
253.200000, 0.944850, 0.089140
253.400000, 0.943850, 0.097070
253.600000, 0.942980, 0.101720
253.800000, 0.942550, 0.106640
254.000000, 0.943380, 0.110090
254.200000, 0.944310, 0.111720
254.400000, 0.944470, 0.112250
254.600000, 0.944400, 0.113510
254.800000, 0.950320, 0.123230
255.000000, 0.949900, 0.119940
255.200000, 0.950110, 0.117750
255.400000, 0.950020, 0.116480
255.600000, 0.950030, 0.115330
255.800000, 0.949840, 0.113870
256.000000, 0.950020, 0.112950
256.200000, 0.950090, 0.112050
256.400000, 0.949270, 0.116510
256.600000, 0.949030, 0.112950
256.800000, 0.949210, 0.110720
257.000000, 0.949000, 0.109760
257.200000, 0.948600, 0.109910
257.400000, 0.948720, 0.109730
257.600000, 0.948710, 0.111050
257.800000, 0.948920, 0.110090
258.000000, 0.950660, 0.114040
258.200000, 0.950600, 0.108550
258.400000, 0.950160, 0.105450
258.600000, 0.949770, 0.104070
258.800000, 0.949740, 0.102980
259.000000, 0.949390, 0.102530
259.200000, 0.949490, 0.101100
259.400000, 0.949550, 0.100200
259.600000, 0.949230, 0.103650
259.800000, 0.950000, 0.106590
260.000000, 0.949820, 0.105310
260.200000, 0.949850, 0.100160
260.400000, 0.949830, 0.097020
260.600000, 0.949560, 0.092590
260.800000, 0.949370, 0.089820
261.000000, 0.949120, 0.087400
261.200000, 0.949070, 0.084200
261.400000, 0.951100, 0.083520
261.600000, 0.950550, 0.078350
261.800000, 0.950600, 0.074470
262.000000, 0.950610, 0.073230
262.200000, 0.950220, 0.068570
262.400000, 0.950060, 0.064600
262.600000, 0.949840, 0.063860
262.800000, 0.949720, 0.063290
263.000000, 0.950050, 0.061050
263.200000, 0.950070, 0.056150
263.400000, 0.949630, 0.052280
263.600000, 0.949600, 0.049670
263.800000, 0.949480, 0.048490
264.000000, 0.949670, 0.048370
264.200000, 0.949670, 0.046060
264.400000, 0.949600, 0.042270
264.600000, 0.949480, 0.039380
264.800000, 0.950800, 0.040230
265.000000, 0.950570, 0.036620
265.200000, 0.949970, 0.033510
265.400000, 0.950300, 0.034410
265.600000, 0.950240, 0.035740
265.800000, 0.949980, 0.031000
266.000000, 0.950040, 0.027840
266.200000, 0.950060, 0.026280
266.400000, 0.952100, 0.028360
266.600000, 0.952270, 0.026770
266.800000, 0.951570, 0.025950
267.000000, 0.951360, 0.025200
267.200000, 0.951110, 0.024720
267.400000, 0.950750, 0.023850
267.600000, 0.950650, 0.023320
267.800000, 0.950580, 0.023390
268.000000, 0.950190, 0.030380
268.200000, 0.950410, 0.031460
268.400000, 0.950610, 0.032970
268.600000, 0.950630, 0.031900
268.800000, 0.949970, 0.028400
269.000000, 0.949850, 0.026950
269.200000, 0.949730, 0.026520
269.400000, 0.949520, 0.025480
269.600000, 0.949860, 0.022960
269.800000, 0.949980, 0.022570
270.000000, 0.949890, 0.020400
270.200000, 0.949530, 0.019740
270.400000, 0.949920, 0.018900
270.600000, 0.950230, 0.018670
270.800000, 0.950360, 0.019050
271.000000, 0.950420, 0.020330
271.200000, 0.951090, 0.021320
271.400000, 0.950920, 0.029910
271.600000, 0.951060, 0.028780
271.800000, 0.950720, 0.027570
272.000000, 0.950620, 0.026520
272.200000, 0.950160, 0.023180
272.400000, 0.950210, 0.021200
272.600000, 0.950110, 0.019120
272.800000, 0.950200, 0.020710
273.000000, 0.951350, 0.025830
273.200000, 0.951780, 0.022850
273.400000, 0.951530, 0.023740
273.600000, 0.951400, 0.025340
273.800000, 0.951420, 0.027590
274.000000, 0.950990, 0.029330
274.200000, 0.950540, 0.029800
274.400000, 0.950250, 0.032740
274.600000, 0.950510, 0.034920
274.800000, 0.951790, 0.037320
275.000000, 0.951560, 0.035350
275.200000, 0.950850, 0.032900
275.400000, 0.950670, 0.035200
275.600000, 0.950720, 0.043500
275.800000, 0.950850, 0.051990
276.000000, 0.950440, 0.058940
276.200000, 0.950400, 0.067230
276.400000, 0.952070, 0.080190
276.600000, 0.951560, 0.084980
276.800000, 0.950780, 0.091210
277.000000, 0.950850, 0.098230
277.200000, 0.950180, 0.103680
277.400000, 0.950150, 0.111790
277.600000, 0.949380, 0.118050
277.800000, 0.948910, 0.122620
278.000000, 0.947760, 0.138220
278.200000, 0.948490, 0.155670
278.400000, 0.947600, 0.176530
278.600000, 0.946870, 0.199550
278.800000, 0.946800, 0.218300
279.000000, 0.946560, 0.237540
279.200000, 0.946320, 0.254120
279.400000, 0.946100, 0.272350
279.600000, 0.946660, 0.282340
279.800000, 0.950110, 0.290470
280.000000, 0.949030, 0.300260
280.200000, 0.948090, 0.320140
280.400000, 0.949100, 0.344500
280.600000, 0.951550, 0.368010
280.800000, 0.950720, 0.392430
281.000000, 0.952730, 0.409500
281.200000, 0.955510, 0.425570
281.400000, 0.960010, 0.445500
281.600000, 0.960630, 0.455880
281.800000, 0.961530, 0.461840
282.000000, 0.963150, 0.462870
282.200000, 0.963220, 0.471450
282.400000, 0.962410, 0.484630
282.600000, 0.960960, 0.496410
282.800000, 0.960350, 0.488410
283.000000, 0.957590, 0.498540
283.200000, 0.957590, 0.515020
283.400000, 0.953460, 0.536220
283.600000, 0.955880, 0.557700
283.800000, 0.953710, 0.571670
284.000000, 0.959300, 0.582120
284.200000, 0.961590, 0.591050
284.400000, 0.967250, 0.596010
284.600000, 0.973140, 0.597210
284.800000, 0.977380, 0.608720
285.000000, 0.978790, 0.625380
285.200000, 0.981500, 0.633290
285.400000, 0.980010, 0.634060
285.600000, 0.981720, 0.624250
285.800000, 0.981240, 0.615510
286.000000, 0.982130, 0.595990
286.200000, 0.975790, 0.600820
286.400000, 0.976950, 0.612570
286.600000, 0.978250, 0.614800
286.800000, 0.977700, 0.607920
287.000000, 0.977350, 0.595110
287.200000, 0.973850, 0.576030
287.400000, 0.976350, 0.577080
287.600000, 0.977960, 0.587230
287.800000, 0.978450, 0.589690
288.000000, 0.975730, 0.579180
288.200000, 0.977090, 0.580610
288.400000, 0.972780, 0.564690
288.600000, 0.967300, 0.559710
288.800000, 0.957310, 0.556110
289.000000, 0.962340, 0.563960
289.200000, 0.967840, 0.578220
289.400000, 0.967020, 0.585930
289.600000, 0.969800, 0.590000
289.800000, 0.967460, 0.588350
290.000000, 0.967420, 0.590250
290.200000, 0.966630, 0.594430
290.400000, 0.960980, 0.595760
290.600000, 0.950640, 0.575840
290.800000, 0.939120, 0.568860
291.000000, 0.934600, 0.576830
291.200000, 0.938610, 0.583710
291.400000, 0.941820, 0.571770
291.600000, 0.947310, 0.562610
291.800000, 0.954630, 0.560310
292.000000, 0.950830, 0.563870
292.200000, 0.939670, 0.565560
292.400000, 0.926950, 0.558630
292.600000, 0.911690, 0.540540
292.800000, 0.897030, 0.526790
293.000000, 0.846280, 0.498080
293.200000, 0.829200, 0.493350
293.400000, 0.801480, 0.488720
293.600000, 0.778030, 0.457590
293.800000, 0.753020, 0.437940
294.000000, 0.688100, 0.417170
294.200000, 0.679220, 0.417350
294.400000, 0.705350, 0.447650
294.600000, 0.754820, 0.479350
294.800000, 0.841970, 0.501410
295.000000, 0.917990, 0.509280
295.200000, 0.952080, 0.493600
295.400000, 0.960950, 0.477080
295.600000, 0.959050, 0.469500
295.800000, 0.952800, 0.455760
296.000000, 0.942360, 0.452280
296.200000, 0.934270, 0.469620
296.400000, 0.930690, 0.486130
296.600000, 0.933780, 0.503320
296.800000, 0.938240, 0.516830
297.000000, 0.941780, 0.516040
297.200000, 0.945540, 0.523110
297.400000, 0.944830, 0.524690
297.600000, 0.945930, 0.519500
297.800000, 0.948190, 0.513600
298.000000, 0.937510, 0.508050
298.200000, 0.940340, 0.522490
298.400000, 0.940950, 0.532530
298.600000, 0.935930, 0.520840
298.800000, 0.921970, 0.519540
299.000000, 0.888320, 0.511570
299.200000, 0.835130, 0.502410
299.400000, 0.821030, 0.498550
299.600000, 0.814630, 0.483640
299.800000, 0.809630, 0.483590
300.000000, 0.812920, 0.492090
300.200000, 0.825770, 0.501320
300.400000, 0.855220, 0.506440
300.600000, 0.899330, 0.504640
300.800000, 0.932300, 0.505630
301.000000, 0.942620, 0.503330
301.200000, 0.953510, 0.490690
301.400000, 0.961330, 0.498740
301.600000, 0.963320, 0.526350
301.800000, 0.967410, 0.550950
302.000000, 0.972710, 0.567310
302.200000, 0.974490, 0.581380
302.400000, 0.976510, 0.575270
302.600000, 0.976440, 0.563340
302.800000, 0.975910, 0.538840
303.000000, 0.977160, 0.522180
303.200000, 0.976680, 0.511180
303.400000, 0.975460, 0.495110
303.600000, 0.975650, 0.486920
303.800000, 0.972140, 0.479140
304.000000, 0.974490, 0.472720
304.200000, 0.967840, 0.483510
304.400000, 0.965360, 0.492640
304.600000, 0.966880, 0.498560
304.800000, 0.962280, 0.512990
305.000000, 0.961310, 0.526040
305.200000, 0.960660, 0.522570
305.400000, 0.958840, 0.518450
305.600000, 0.954810, 0.506050
305.800000, 0.953420, 0.499640
306.000000, 0.951920, 0.486730
306.200000, 0.955060, 0.484790
306.400000, 0.958700, 0.478320
306.600000, 0.959630, 0.476690
306.800000, 0.958040, 0.484220
307.000000, 0.950500, 0.487320
307.200000, 0.951010, 0.477510
307.400000, 0.954150, 0.474920
307.600000, 0.959230, 0.459710
307.800000, 0.961970, 0.438860
308.000000, 0.960240, 0.403150
308.200000, 0.963370, 0.393860
308.400000, 0.959610, 0.381670
308.600000, 0.957960, 0.376480
308.800000, 0.958460, 0.380380
309.000000, 0.959510, 0.377500
309.200000, 0.954940, 0.375370
309.400000, 0.958810, 0.385310
309.600000, 0.960480, 0.398120
309.800000, 0.959270, 0.413450
310.000000, 0.957820, 0.436540
310.200000, 0.957250, 0.437060
310.400000, 0.956440, 0.430830
310.600000, 0.957330, 0.418980
310.800000, 0.956830, 0.404150
311.000000, 0.961420, 0.395150
311.200000, 0.966310, 0.397960
311.400000, 0.967760, 0.388190
311.600000, 0.967930, 0.371450
311.800000, 0.960880, 0.365020
312.000000, 0.945020, 0.344310
312.200000, 0.906840, 0.318510
312.400000, 0.851000, 0.297000
312.600000, 0.799730, 0.281150
312.800000, 0.764750, 0.273270
313.000000, 0.697610, 0.246840
313.200000, 0.701060, 0.240770
313.400000, 0.708650, 0.246230
313.600000, 0.724480, 0.259730
313.800000, 0.737350, 0.266150
314.000000, 0.741300, 0.267860
314.200000, 0.788150, 0.266980
314.400000, 0.874420, 0.281600
314.600000, 0.903030, 0.296520
314.800000, 0.938890, 0.305630
315.000000, 0.947120, 0.307110
315.200000, 0.948590, 0.324880
315.400000, 0.942600, 0.323190
315.600000, 0.931750, 0.313080
315.800000, 0.925410, 0.297940
316.000000, 0.928630, 0.290180
316.200000, 0.923550, 0.296670
316.400000, 0.867130, 0.289890
316.600000, 0.791080, 0.282280
316.800000, 0.564410, 0.247230
317.000000, 0.453420, 0.218740
317.200000, 0.415190, 0.193690
317.400000, 0.361690, 0.167210
317.600000, 0.328350, 0.145180
317.800000, 0.302390, 0.131370
318.000000, 0.275970, 0.115530
318.200000, 0.253580, 0.102050
318.400000, 0.234690, 0.087020
318.600000, 0.212310, 0.072340
318.800000, 0.192460, 0.059080
319.000000, 0.174990, 0.048870
319.200000, 0.160130, 0.034990
319.400000, 0.151870, 0.022320
319.600000, 0.143800, 0.013960
319.800000, 0.134890, 0.009760
320.000000, 0.124930, 0.004350
320.200000, 0.118430, 0.002990
320.400000, 0.117100, 0.002970
320.600000, 0.118390, 0.003240
320.800000, 0.121910, 0.003370
321.000000, 0.125500, 0.003670
321.200000, 0.127860, 0.003790
321.400000, 0.138570, 0.003800
321.600000, 0.139320, 0.004110
321.800000, 0.140510, 0.004390
322.000000, 0.140370, 0.004230
322.200000, 0.139950, 0.003920
322.400000, 0.140900, 0.005960
322.600000, 0.141040, 0.006550
322.800000, 0.141260, 0.006540
323.000000, 0.142250, 0.007000
323.200000, 0.142600, 0.006850
323.400000, 0.141590, 0.006470
323.600000, 0.141960, 0.006820
323.800000, 0.142830, 0.006710
324.000000, 0.143190, 0.006420
324.200000, 0.143920, 0.006320
324.400000, 0.144000, 0.006080
324.600000, 0.143560, 0.006250
324.800000, 0.144080, 0.006130
325.000000, 0.143590, 0.005940
325.200000, 0.143560, 0.005710
325.400000, 0.142400, 0.005430
325.600000, 0.140370, 0.005890
325.800000, 0.140810, 0.005790
326.000000, 0.140650, 0.005550
326.200000, 0.139980, 0.005530
326.400000, 0.139940, 0.004720
326.600000, 0.139300, 0.004540
326.800000, 0.139150, 0.004050
327.000000, 0.138920, 0.004180
327.200000, 0.139200, 0.003970
327.400000, 0.133820, 0.003000
327.600000, 0.133010, 0.002000
327.800000, 0.137700, 0.016760
328.000000, 0.181700, 0.042420
328.200000, 0.201690, 0.048260
328.400000, 0.213380, 0.054530
328.600000, 0.252390, 0.080120
328.800000, 0.280240, 0.099670
329.000000, 0.279190, 0.098670
329.200000, 0.281570, 0.103390
329.400000, 0.318430, 0.104620
329.600000, 0.316220, 0.118840
329.800000, 0.295240, 0.116880
330.000000, 0.263060, 0.113530
330.200000, 0.221080, 0.097480
330.400000, 0.189300, 0.077310
330.600000, 0.176140, 0.069480
330.800000, 0.165790, 0.060390
331.000000, 0.148460, 0.051280
331.200000, 0.183100, 0.065700
331.400000, 0.222930, 0.078460
331.600000, 0.260480, 0.092840
331.800000, 0.287680, 0.099780
332.000000, 0.294420, 0.094210
332.200000, 0.297750, 0.086780
332.400000, 0.290200, 0.086210
332.600000, 0.270930, 0.082970
332.800000, 0.252930, 0.075940
333.000000, 0.230860, 0.073550
333.200000, 0.205100, 0.075230
333.400000, 0.170950, 0.071390
333.600000, 0.165490, 0.065430
333.800000, 0.170780, 0.069410
334.000000, 0.176130, 0.064540
334.200000, 0.167140, 0.051530
334.400000, 0.152800, 0.036450
334.600000, 0.150960, 0.024160
334.800000, 0.162850, 0.017870
335.000000, 0.161380, 0.013670
335.200000, 0.154260, 0.012210
335.400000, 0.151160, 0.007470
335.600000, 0.154020, 0.007910
335.800000, 0.153190, 0.009470
336.000000, 0.147540, 0.010850
336.200000, 0.146020, 0.012420
336.400000, 0.146360, 0.013690
336.600000, 0.151280, 0.017210
336.800000, 0.170770, 0.029140
337.000000, 0.193510, 0.041590
337.200000, 0.224440, 0.055720
337.400000, 0.267030, 0.076240
337.600000, 0.305920, 0.101390
337.800000, 0.352690, 0.125820
338.000000, 0.407730, 0.151930
338.200000, 0.456760, 0.171170
338.400000, 0.495230, 0.186320
338.600000, 0.508760, 0.221450
338.800000, 0.501530, 0.223560
339.000000, 0.482110, 0.214430
339.200000, 0.425830, 0.197010
339.400000, 0.375590, 0.193230
339.600000, 0.341650, 0.186780
339.800000, 0.318830, 0.179090
340.000000, 0.299770, 0.172310
340.200000, 0.276810, 0.164720
340.400000, 0.259860, 0.148810
340.600000, 0.256920, 0.125330
340.800000, 0.249820, 0.100800
341.000000, 0.235100, 0.073960
341.200000, 0.221750, 0.048240
341.400000, 0.203700, 0.027360
341.600000, 0.179180, 0.014150
341.800000, 0.156490, 0.005210
342.000000, 0.141020, 0.000540
342.200000, 0.139510, 0.000560
342.400000, 0.151830, 0.000820
342.600000, 0.152510, 0.000750
342.800000, 0.151650, 0.000660
343.000000, 0.151510, 0.000600
343.200000, 0.151990, 0.000610
343.400000, 0.152080, 0.000600
343.600000, 0.152640, 0.000640
343.800000, 0.152890, 0.000570
344.000000, 0.149420, 0.000680
344.200000, 0.149070, 0.000600
344.400000, 0.150090, 0.000530
344.600000, 0.150890, 0.000520
344.800000, 0.151350, 0.000480
345.000000, 0.152320, 0.000450
345.200000, 0.152530, 0.000440
345.400000, 0.153210, 0.000400
345.600000, 0.151980, 0.000500
345.800000, 0.151610, 0.000410
346.000000, 0.152070, 0.000400
346.200000, 0.152560, 0.000440
346.400000, 0.146350, 0.000420
346.600000, 0.147110, 0.000370
346.800000, 0.148090, 0.000340
347.000000, 0.148610, 0.000330
347.200000, 0.148100, 0.000330
347.400000, 0.148820, 0.000330
347.600000, 0.149230, 0.000340
347.800000, 0.149470, 0.000340
348.000000, 0.147140, 0.000510
348.200000, 0.146540, 0.000350
348.400000, 0.146200, 0.000320
348.600000, 0.146540, 0.000320
348.800000, 0.147120, 0.000300
349.000000, 0.147370, 0.000300
349.200000, 0.148620, 0.000320
349.400000, 0.149000, 0.000300
349.600000, 0.149340, 0.000290
349.800000, 0.150410, 0.000300
350.000000, 0.151160, 0.000310
350.200000, 0.151320, 0.000300
350.400000, 0.153360, 0.000260
350.600000, 0.178120, 0.020620
350.800000, 0.211750, 0.046060
351.000000, 0.236060, 0.056520
351.200000, 0.243270, 0.065780
351.400000, 0.224540, 0.067610
351.600000, 0.227130, 0.065940
351.800000, 0.224670, 0.061980
352.000000, 0.224870, 0.064830
352.200000, 0.223220, 0.067890
352.400000, 0.217830, 0.067610
352.600000, 0.220820, 0.071850
352.800000, 0.252990, 0.094660
353.000000, 0.288940, 0.112790
353.200000, 0.338360, 0.133860
353.400000, 0.372320, 0.144720
353.600000, 0.429520, 0.166920
353.800000, 0.470210, 0.177740
354.000000, 0.489530, 0.179160
354.200000, 0.488390, 0.183290
354.400000, 0.485620, 0.182050
354.600000, 0.485160, 0.180970
354.800000, 0.480860, 0.179460
355.000000, 0.467520, 0.174050
355.200000, 0.454780, 0.170800
355.400000, 0.461250, 0.178330
355.600000, 0.473990, 0.192190
355.800000, 0.494980, 0.198630
356.000000, 0.507260, 0.195510
356.200000, 0.505390, 0.191860
356.400000, 0.473370, 0.185200
356.600000, 0.469870, 0.182400
356.800000, 0.475780, 0.188410
357.000000, 0.502160, 0.204200
357.200000, 0.537300, 0.223330
357.400000, 0.580710, 0.234110
357.600000, 0.529600, 0.232660
357.800000, 0.519240, 0.239200
358.000000, 0.456730, 0.236570
358.200000, 0.450410, 0.228520
358.400000, 0.443570, 0.227940
358.600000, 0.430760, 0.220570
358.800000, 0.426570, 0.217300
359.000000, 0.420140, 0.218700
359.200000, 0.425380, 0.227660
359.400000, 0.438150, 0.234820
359.600000, 0.449240, 0.245150
359.800000, 0.462380, 0.250730
360.000000, 0.470620, 0.249140
360.200000, 0.469510, 0.246940
360.400000, 0.466910, 0.241860
360.600000, 0.464230, 0.239230
360.800000, 0.457430, 0.237140
361.000000, 0.453490, 0.236410
361.200000, 0.461610, 0.244850
361.400000, 0.472710, 0.255310
361.600000, 0.490510, 0.263200
361.800000, 0.503230, 0.270810
362.000000, 0.508060, 0.271920
362.200000, 0.513170, 0.273280
362.400000, 0.525860, 0.276650
362.600000, 0.541360, 0.280680
362.800000, 0.557960, 0.284080
363.000000, 0.579430, 0.291400
363.200000, 0.591910, 0.295180
363.400000, 0.601870, 0.296210
363.600000, 0.606530, 0.297800
363.800000, 0.608050, 0.297460
364.000000, 0.608240, 0.295860
364.200000, 0.609040, 0.296440
364.400000, 0.610010, 0.300040
364.600000, 0.609110, 0.300990
364.800000, 0.613210, 0.294580
365.000000, 0.606690, 0.288610
365.200000, 0.602340, 0.284170
365.400000, 0.603860, 0.282050
365.600000, 0.606230, 0.283370
365.800000, 0.612030, 0.284810
366.000000, 0.617850, 0.287570
366.200000, 0.624560, 0.290710
366.400000, 0.642970, 0.294810
366.600000, 0.668050, 0.297220
366.800000, 0.772580, 0.300480
367.000000, 0.862540, 0.302580
367.200000, 0.916340, 0.307510
367.400000, 0.931680, 0.312280
367.600000, 0.940220, 0.315650
367.800000, 0.944150, 0.315700
368.000000, 0.960890, 0.332100
368.200000, 0.961190, 0.341170
368.400000, 0.960850, 0.348630
368.600000, 0.961760, 0.356440
368.800000, 0.963200, 0.363970
369.000000, 0.964660, 0.370420
369.200000, 0.965100, 0.376070
369.400000, 0.965810, 0.381120
369.600000, 0.966230, 0.379620
369.800000, 0.969300, 0.381820
370.000000, 0.968780, 0.379420
370.200000, 0.968940, 0.379790
370.400000, 0.967730, 0.382450
370.600000, 0.967840, 0.389710
370.800000, 0.968320, 0.394660
371.000000, 0.968210, 0.404280
371.200000, 0.966130, 0.413260
371.400000, 0.965590, 0.426880
371.600000, 0.966100, 0.436180
371.800000, 0.966430, 0.441350
372.000000, 0.965300, 0.438000
372.200000, 0.965770, 0.434370
372.400000, 0.966650, 0.434540
372.600000, 0.969400, 0.438840
372.800000, 0.969780, 0.438400
373.000000, 0.971810, 0.436710
373.200000, 0.972220, 0.427860
373.400000, 0.972270, 0.423690
373.600000, 0.972750, 0.417230
373.800000, 0.972960, 0.420150
374.000000, 0.973440, 0.426260
374.200000, 0.973350, 0.430870
374.400000, 0.973620, 0.431940
374.600000, 0.973590, 0.432290
374.800000, 0.974410, 0.432740
375.000000, 0.974490, 0.430220
375.200000, 0.974090, 0.427000
375.400000, 0.974670, 0.423830
375.600000, 0.974910, 0.418690
375.800000, 0.975070, 0.415750
376.000000, 0.975560, 0.412200
376.200000, 0.976630, 0.405900
376.400000, 0.977650, 0.420690
376.600000, 0.977470, 0.420440
376.800000, 0.977560, 0.418700
377.000000, 0.977740, 0.414490
377.200000, 0.978030, 0.407990
377.400000, 0.977580, 0.403860
377.600000, 0.978330, 0.400360
377.800000, 0.978580, 0.398050
378.000000, 0.978700, 0.400350
378.200000, 0.978780, 0.397260
378.400000, 0.978640, 0.393030
378.600000, 0.978540, 0.386330
378.800000, 0.978580, 0.381970
379.000000, 0.978100, 0.377430
379.200000, 0.977610, 0.373440
379.400000, 0.977790, 0.368350
379.600000, 0.977960, 0.360740
379.800000, 0.977880, 0.350740
380.000000, 0.978140, 0.345590
380.200000, 0.978860, 0.347150
380.400000, 0.979350, 0.342790
380.600000, 0.979220, 0.338500
380.800000, 0.979850, 0.338670
381.000000, 0.980210, 0.340010
381.200000, 0.979910, 0.336770
381.400000, 0.978910, 0.354470
381.600000, 0.978640, 0.349150
381.800000, 0.978570, 0.344910
382.000000, 0.978700, 0.338990
382.200000, 0.978490, 0.331190
382.400000, 0.978520, 0.324780
